0 8
704.0 1978.0 0 0 0 3 0 0 u ./
603.333 1162.67 0 0 10 3 0 0 d ./
705.0 895.333 0 0 10 3 0 0 d ./
1002.0 1023.0 0 0 10 3 0 0 d ./
540.333 1793.33 0 0 10 0 0 0 r ./
827.0 1496.0 0 0 10 3 0 0 d ./
791.0 736.0 0 0 10 3 0 0 d ./
379.0 1076.0 0 0 10 3 0 0 d ./
5 11
274.182 398.788 64.0 128.0 2 2 0 0 d ./resources/graphics/objects/palm_small.png
563.0 976.0 60.0 60.0 99 0 0 0 d ./resources/graphics/objects/grassrock1.png
874.0 1377.0 64.0 104.0 2 2 0 0 d ./resources/graphics/objects/ruin_pillar_broke.png
473.0 1330.0 64.0 128.0 2 2 0 0 d ./resources/graphics/objects/ruin_pillar_broke_alt.png
406.667 1723.33 60.0 60.0 2 2 0 0 d ./resources/graphics/objects/sandrock1.png
1141.0 1460.0 60.0 60.0 2 2 0 0 d ./resources/graphics/objects/sandrock1.png
640.0 1408.0 128.0 192.0 2 2 0 0 d ./resources/graphics/objects/palm.png
493.0 1595.0 64.0 128.0 2 2 0 0 d ./resources/graphics/objects/palm_small.png
892.0 1244.0 128.0 192.0 2 2 0 0 d ./resources/graphics/objects/palm.png
1152.0 832.0 128.0 192.0 2 2 0 0 d ./resources/graphics/objects/palm.png
1175.0 1487.0 56.0 60.0 2 2 0 0 d ./resources/graphics/objects/sandrock2.png
1 29
251.162 363.532 979.33 45.358 99 0 0 0 d ./
834.468 1900.99 393.418 20.44 99 0 0 0 d ./
1267.6 1848.58 39.108 44.139 99 0 0 0 d ./
582.55 1923.95 13.863 246.236 99 0 0 0 d ./
72.4909 1779.98 257.1 64.275 99 0 0 0 d ./
96.683 1663.54 175.633 103.597 99 0 0 0 d ./
114.515 1083.41 94.707 581.777 99 0 0 0 d ./
134.479 526.718 19.6241 529.392 99 0 0 0 d ./
150.621 500.238 55.7573 37.02 99 0 0 0 d ./
187.57 438.419 53.7573 42.0709 99 0 0 0 d ./
562.0 1598.33 87.667 80.0 99 0 0 0 d ./
626.667 1526.33 157.667 93.667 99 0 0 0 d ./
563.333 767.333 282.0 4.66663 99 0 0 0 d ./
906.0 864.0 43.3333 315.333 99 0 0 0 d ./
844.667 1170.67 36.6667 84.0 99 0 0 0 d ./
772.0 1230.0 60.6667 40.0 99 0 0 0 d ./
512.667 1231.33 126.0 45.3334 99 0 0 0 d ./
450.0 872.667 51.3333 376.667 99 0 0 0 d ./
590.0 854.666 36.0 158.0 99 0 0 0 d ./
782.0 858.666 36.0 142.667 99 0 0 0 d ./
1324.67 1076.0 20.0 738.667 99 0 0 0 d ./
1264.0 441.333 22.6667 596.667 99 0 0 0 d ./
532.0 794.667 24.0 27.3333 99 0 0 0 d ./
850.0 790.667 30.6667 34.6667 99 0 0 0 d ./
622.333 831.667 157.333 4.66663 99 0 0 0 d ./
432.0 1901.0 136.0 21.0 99 0 0 0 d ./
235.0 1853.5 164.0 50.0 99 0 0 0 d ./
811.0 1929.0 18.0 244.0 99 0 0 0 d ./
602.0 2169.0 205.0 3.0 99 0 0 0 d ./
2 1
614.833 2091.33 180.917 71.8333 1 0 0 0 d ./
