5504 5504
./resources/data/maps/world.png
Entities 1 0
4385.33 3710.67 128.0 128.0 0 3
Coast 242 1
3200.0 2624.0 64.0 64.0 99 1
3264.0 2624.0 64.0 64.0 99 1
3328.0 2624.0 64.0 64.0 99 1
3392.0 2624.0 64.0 64.0 99 1
3392.0 2560.0 64.0 64.0 99 1
3392.0 2496.0 64.0 64.0 99 1
3392.0 2432.0 64.0 64.0 99 1
3392.0 2368.0 64.0 64.0 99 1
3392.0 2304.0 64.0 64.0 99 1
3456.0 2304.0 64.0 64.0 99 1
3520.0 2304.0 64.0 64.0 99 1
3520.0 2240.0 64.0 64.0 99 1
3584.0 2240.0 64.0 64.0 99 1
3584.0 2176.0 64.0 64.0 99 1
3584.0 2112.0 64.0 64.0 99 1
3584.0 2048.0 64.0 64.0 99 1
3520.0 2048.0 64.0 64.0 99 1
3456.0 2048.0 64.0 64.0 99 1
3392.0 2048.0 64.0 64.0 99 1
3392.0 2112.0 64.0 64.0 99 1
3328.0 2112.0 64.0 64.0 99 1
3328.0 2176.0 64.0 64.0 99 1
3264.0 2176.0 64.0 64.0 99 1
3264.0 2240.0 64.0 64.0 99 1
3200.0 2240.0 64.0 64.0 99 1
3200.0 2368.0 64.0 64.0 99 1
3200.0 2304.0 64.0 64.0 99 1
3200.0 2432.0 64.0 64.0 99 1
3200.0 2496.0 64.0 64.0 99 1
3200.0 2560.0 64.0 64.0 99 1
5376.0 2752.0 64.0 64.0 99 1
5440.0 2752.0 64.0 64.0 99 1
5312.0 2752.0 64.0 64.0 99 1
5248.0 2752.0 64.0 64.0 99 1
5248.0 2688.0 64.0 64.0 99 1
5184.0 2688.0 64.0 64.0 99 1
5120.0 2688.0 64.0 64.0 99 1
4992.0 2688.0 64.0 64.0 99 1
5056.0 2688.0 64.0 64.0 99 1
4928.0 2688.0 64.0 64.0 99 1
4928.0 2624.0 64.0 64.0 99 1
4864.0 2624.0 64.0 64.0 99 1
4800.0 2624.0 64.0 64.0 99 1
4736.0 2624.0 64.0 64.0 99 1
4672.0 2624.0 64.0 64.0 99 1
4608.0 2624.0 64.0 64.0 99 1
4608.0 2560.0 64.0 64.0 99 1
4544.0 2560.0 64.0 64.0 99 1
4480.0 2560.0 64.0 64.0 99 1
4416.0 2560.0 64.0 64.0 99 1
4352.0 2560.0 64.0 64.0 99 1
4352.0 2496.0 64.0 64.0 99 1
4288.0 2496.0 64.0 64.0 99 1
4224.0 2496.0 64.0 64.0 99 1
4160.0 2496.0 64.0 64.0 99 1
4032.0 2496.0 64.0 64.0 99 1
4096.0 2496.0 64.0 64.0 99 1
3968.0 2496.0 64.0 64.0 99 1
3904.0 2496.0 64.0 64.0 99 1
3840.0 2496.0 64.0 64.0 99 1
3840.0 2432.0 64.0 64.0 99 1
3776.0 2432.0 64.0 64.0 99 1
3712.0 2432.0 64.0 64.0 99 1
3648.0 2432.0 64.0 64.0 99 1
3584.0 2432.0 64.0 64.0 99 1
3584.0 2496.0 64.0 64.0 99 1
3584.0 2560.0 64.0 64.0 99 1
3584.0 2624.0 64.0 64.0 99 1
3584.0 2688.0 64.0 64.0 99 1
3648.0 2688.0 64.0 64.0 99 1
3712.0 2688.0 64.0 64.0 99 1
3776.0 2688.0 64.0 64.0 99 1
3776.0 2752.0 64.0 64.0 99 1
3840.0 2752.0 64.0 64.0 99 1
3904.0 2752.0 64.0 64.0 99 1
3968.0 2752.0 64.0 64.0 99 1
4032.0 2752.0 64.0 64.0 99 1
4096.0 2752.0 64.0 64.0 99 1
4096.0 2816.0 64.0 64.0 99 1
4160.0 2816.0 64.0 64.0 99 1
4224.0 2816.0 64.0 64.0 99 1
4288.0 2816.0 64.0 64.0 99 1
4352.0 2816.0 64.0 64.0 99 1
4416.0 2816.0 64.0 64.0 99 1
4480.0 2816.0 64.0 64.0 99 1
4480.0 2880.0 64.0 64.0 99 1
4544.0 2880.0 64.0 64.0 99 1
4608.0 2880.0 64.0 64.0 99 1
4672.0 2880.0 64.0 64.0 99 1
4736.0 2880.0 64.0 64.0 99 1
4800.0 2880.0 64.0 64.0 99 1
4800.0 2944.0 64.0 64.0 99 1
4864.0 2944.0 64.0 64.0 99 1
4928.0 2944.0 64.0 64.0 99 1
4992.0 2944.0 64.0 64.0 99 1
5056.0 2944.0 64.0 64.0 99 1
5056.0 3008.0 64.0 64.0 99 1
5120.0 3008.0 64.0 64.0 99 1
5184.0 3008.0 64.0 64.0 99 1
5248.0 3008.0 64.0 64.0 99 1
5312.0 3008.0 64.0 64.0 99 1
5376.0 3008.0 64.0 64.0 99 1
5376.0 3072.0 64.0 64.0 99 1
5440.0 3968.0 64.0 64.0 99 1
5376.0 3968.0 64.0 64.0 99 1
5312.0 3968.0 64.0 64.0 99 1
5312.0 4032.0 64.0 64.0 99 1
5248.0 4032.0 64.0 64.0 99 1
5248.0 4096.0 64.0 64.0 99 1
5248.0 4160.0 64.0 64.0 99 1
5184.0 4160.0 64.0 64.0 99 1
5120.0 4160.0 64.0 64.0 99 1
5056.0 4160.0 64.0 64.0 99 1
4992.0 4160.0 64.0 64.0 99 1
4992.0 4224.0 64.0 64.0 99 1
4992.0 4288.0 64.0 64.0 99 1
4992.0 4352.0 64.0 64.0 99 1
4928.0 4352.0 64.0 64.0 99 1
4864.0 4352.0 64.0 64.0 99 1
4864.0 4416.0 64.0 64.0 99 1
4864.0 4480.0 64.0 64.0 99 1
4864.0 4544.0 64.0 64.0 99 1
4864.0 4608.0 64.0 64.0 99 1
4864.0 4672.0 64.0 64.0 99 1
4864.0 4736.0 64.0 64.0 99 1
4864.0 4800.0 64.0 64.0 99 1
4864.0 4864.0 64.0 64.0 99 1
4800.0 4864.0 64.0 64.0 99 1
4736.0 4864.0 64.0 64.0 99 1
4736.0 4864.0 64.0 64.0 99 1
4736.0 4928.0 64.0 64.0 99 1
4672.0 4928.0 64.0 64.0 99 1
4608.0 4928.0 64.0 64.0 99 1
4608.0 4928.0 64.0 64.0 99 1
4608.0 4992.0 64.0 64.0 99 1
4544.0 4992.0 64.0 64.0 99 1
4480.0 4992.0 64.0 64.0 99 1
4416.0 4992.0 64.0 64.0 99 1
4352.0 4992.0 64.0 64.0 99 1
4288.0 4992.0 64.0 64.0 99 1
4224.0 4992.0 64.0 64.0 99 1
4160.0 4992.0 64.0 64.0 99 1
4096.0 4992.0 64.0 64.0 99 1
4032.0 4992.0 64.0 64.0 99 1
3968.0 4992.0 64.0 64.0 99 1
3840.0 4992.0 64.0 64.0 99 1
3904.0 4992.0 64.0 64.0 99 1
3712.0 4992.0 64.0 64.0 99 1
3776.0 4992.0 64.0 64.0 99 1
3648.0 4992.0 64.0 64.0 99 1
3584.0 4992.0 64.0 64.0 99 1
3520.0 4992.0 64.0 64.0 99 1
3456.0 4992.0 64.0 64.0 99 1
3392.0 4992.0 64.0 64.0 99 1
3328.0 4992.0 64.0 64.0 99 1
3200.0 4992.0 64.0 64.0 99 1
3264.0 4992.0 64.0 64.0 99 1
3136.0 4992.0 64.0 64.0 99 1
3008.0 4992.0 64.0 64.0 99 1
3072.0 4992.0 64.0 64.0 99 1
2944.0 4992.0 64.0 64.0 99 1
2880.0 4992.0 64.0 64.0 99 1
2816.0 4992.0 64.0 64.0 99 1
2752.0 4992.0 64.0 64.0 99 1
2688.0 4992.0 64.0 64.0 99 1
1152.0 4992.0 64.0 64.0 99 1
1216.0 4992.0 64.0 64.0 99 1
1216.0 4992.0 64.0 64.0 99 1
1280.0 4992.0 64.0 64.0 99 1
1344.0 4992.0 64.0 64.0 99 1
1408.0 4992.0 64.0 64.0 99 1
1408.0 4992.0 64.0 64.0 99 1
1472.0 4992.0 64.0 64.0 99 1
1536.0 4992.0 64.0 64.0 99 1
1600.0 4992.0 64.0 64.0 99 1
1728.0 4992.0 64.0 64.0 99 1
1664.0 4992.0 64.0 64.0 99 1
1792.0 4992.0 64.0 64.0 99 1
1856.0 4992.0 64.0 64.0 99 1
1920.0 4992.0 64.0 64.0 99 1
1984.0 4992.0 64.0 64.0 99 1
2112.0 4992.0 64.0 64.0 99 1
2176.0 4992.0 64.0 64.0 99 1
2048.0 4992.0 64.0 64.0 99 1
2304.0 4992.0 64.0 64.0 99 1
2240.0 4992.0 64.0 64.0 99 1
2368.0 4992.0 64.0 64.0 99 1
2432.0 4992.0 64.0 64.0 99 1
2560.0 4992.0 64.0 64.0 99 1
2560.0 4992.0 64.0 64.0 99 1
2624.0 4992.0 64.0 64.0 99 1
2496.0 4992.0 64.0 64.0 99 1
1088.0 4992.0 64.0 64.0 99 1
1088.0 4928.0 64.0 64.0 99 1
1024.0 4928.0 64.0 64.0 99 1
960.0 4928.0 64.0 64.0 99 1
896.0 4928.0 64.0 64.0 99 1
832.0 4928.0 64.0 64.0 99 1
768.0 4928.0 64.0 64.0 99 1
704.0 4928.0 64.0 64.0 99 1
640.0 4928.0 64.0 64.0 99 1
640.0 4864.0 64.0 64.0 99 1
576.0 4864.0 64.0 64.0 99 1
576.0 4800.0 64.0 64.0 99 1
512.0 4800.0 64.0 64.0 99 1
512.0 4736.0 64.0 64.0 99 1
512.0 4672.0 64.0 64.0 99 1
512.0 4608.0 64.0 64.0 99 1
512.0 4544.0 64.0 64.0 99 1
512.0 4480.0 64.0 64.0 99 1
512.0 4352.0 64.0 64.0 99 1
512.0 4288.0 64.0 64.0 99 1
512.0 4416.0 64.0 64.0 99 1
512.0 4224.0 64.0 64.0 99 1
512.0 4096.0 64.0 64.0 99 1
512.0 4032.0 64.0 64.0 99 1
512.0 4160.0 64.0 64.0 99 1
512.0 3968.0 64.0 64.0 99 1
512.0 3904.0 64.0 64.0 99 1
512.0 3904.0 64.0 64.0 99 1
448.0 3904.0 64.0 64.0 99 1
448.0 3840.0 64.0 64.0 99 1
448.0 3776.0 64.0 64.0 99 1
448.0 3712.0 64.0 64.0 99 1
384.0 3712.0 64.0 64.0 99 1
384.0 3648.0 64.0 64.0 99 1
384.0 3584.0 64.0 64.0 99 1
384.0 3520.0 64.0 64.0 99 1
384.0 3456.0 64.0 64.0 99 1
384.0 3392.0 64.0 64.0 99 1
384.0 3328.0 64.0 64.0 99 1
320.0 3328.0 64.0 64.0 99 1
320.0 3264.0 64.0 64.0 99 1
256.0 3264.0 64.0 64.0 99 1
192.0 3264.0 64.0 64.0 99 1
192.0 3200.0 64.0 64.0 99 1
128.0 3200.0 64.0 64.0 99 1
64.0 3200.0 64.0 64.0 99 1
64.0 3136.0 64.0 64.0 99 1
0.0 3136.0 64.0 64.0 99 1
0.0 3072.0 64.0 64.0 99 1
5440.0 3072.0 64.0 64.0 99 1
Monsters 308 2
4096.0 4032.0 64.0 64.0 -1 3
4032.0 4032.0 64.0 64.0 -1 3
3968.0 4032.0 64.0 64.0 -1 3
3968.0 4096.0 64.0 64.0 -1 3
4032.0 4096.0 64.0 64.0 -1 3
4096.0 4096.0 64.0 64.0 -1 3
2624.0 3456.0 64.0 64.0 -1 3
2688.0 3456.0 64.0 64.0 -1 3
2624.0 3392.0 64.0 64.0 -1 3
2560.0 3392.0 64.0 64.0 -1 3
2560.0 3456.0 64.0 64.0 -1 3
2688.0 3520.0 64.0 64.0 -1 3
2624.0 3520.0 64.0 64.0 -1 3
2752.0 3520.0 64.0 64.0 -1 3
2752.0 3584.0 64.0 64.0 -1 3
2816.0 3584.0 64.0 64.0 -1 3
2816.0 3648.0 64.0 64.0 -1 3
2880.0 3712.0 64.0 64.0 -1 3
2880.0 3648.0 64.0 64.0 -1 3
2496.0 3392.0 64.0 64.0 -1 3
2496.0 3328.0 64.0 64.0 -1 3
2432.0 3328.0 64.0 64.0 -1 3
2432.0 3392.0 64.0 64.0 -1 3
2496.0 3456.0 64.0 64.0 -1 3
2368.0 3328.0 64.0 64.0 -1 3
2368.0 3264.0 64.0 64.0 -1 3
2944.0 2880.0 64.0 64.0 -1 3
3008.0 2752.0 64.0 64.0 -1 3
3008.0 2688.0 64.0 64.0 -1 3
2944.0 2688.0 64.0 64.0 -1 3
2880.0 2816.0 64.0 64.0 -1 3
2880.0 2752.0 64.0 64.0 -1 3
2944.0 2752.0 64.0 64.0 -1 3
3008.0 2880.0 64.0 64.0 -1 3
3008.0 2816.0 64.0 64.0 -1 3
2944.0 2816.0 64.0 64.0 -1 3
2880.0 2880.0 64.0 64.0 -1 3
2816.0 2752.0 64.0 64.0 -1 3
3584.0 2752.0 64.0 64.0 -1 3
3648.0 2752.0 64.0 64.0 -1 3
3712.0 2752.0 64.0 64.0 -1 3
3584.0 2816.0 64.0 64.0 -1 3
3648.0 2816.0 64.0 64.0 -1 3
3712.0 2816.0 64.0 64.0 -1 3
3584.0 2880.0 64.0 64.0 -1 3
3648.0 2880.0 64.0 64.0 -1 3
3712.0 2880.0 64.0 64.0 -1 3
3776.0 2816.0 64.0 64.0 -1 3
3840.0 2816.0 64.0 64.0 -1 3
3904.0 2816.0 64.0 64.0 -1 3
3776.0 2880.0 64.0 64.0 -1 3
3840.0 2880.0 64.0 64.0 -1 3
3904.0 2880.0 64.0 64.0 -1 3
3776.0 2944.0 64.0 64.0 -1 3
3840.0 2944.0 64.0 64.0 -1 3
3904.0 2944.0 64.0 64.0 -1 3
3968.0 2880.0 64.0 64.0 -1 3
4032.0 2880.0 64.0 64.0 -1 3
4096.0 2880.0 64.0 64.0 -1 3
3968.0 2944.0 64.0 64.0 -1 3
4032.0 2944.0 64.0 64.0 -1 3
4096.0 2944.0 64.0 64.0 -1 3
3968.0 3008.0 64.0 64.0 -1 3
4032.0 3008.0 64.0 64.0 -1 3
4096.0 3008.0 64.0 64.0 -1 3
3968.0 2816.0 64.0 64.0 -1 3
4032.0 2816.0 64.0 64.0 -1 3
3456.0 3328.0 64.0 64.0 -1 3
3520.0 3328.0 64.0 64.0 -1 3
3584.0 3328.0 64.0 64.0 -1 3
3456.0 3392.0 64.0 64.0 -1 3
3520.0 3392.0 64.0 64.0 -1 3
3584.0 3392.0 64.0 64.0 -1 3
3456.0 3456.0 64.0 64.0 -1 3
3520.0 3456.0 64.0 64.0 -1 3
3584.0 3456.0 64.0 64.0 -1 3
3456.0 3136.0 64.0 64.0 -1 3
3520.0 3136.0 64.0 64.0 -1 3
3584.0 3136.0 64.0 64.0 -1 3
3456.0 3200.0 64.0 64.0 -1 3
3520.0 3200.0 64.0 64.0 -1 3
3584.0 3200.0 64.0 64.0 -1 3
3456.0 3264.0 64.0 64.0 -1 3
3520.0 3264.0 64.0 64.0 -1 3
3584.0 3264.0 64.0 64.0 -1 3
3648.0 3328.0 64.0 64.0 -1 3
3648.0 3392.0 64.0 64.0 -1 3
3648.0 3456.0 64.0 64.0 -1 3
3648.0 3136.0 64.0 64.0 -1 3
3712.0 3136.0 64.0 64.0 -1 3
3776.0 3136.0 64.0 64.0 -1 3
3648.0 3200.0 64.0 64.0 -1 3
3712.0 3200.0 64.0 64.0 -1 3
3776.0 3200.0 64.0 64.0 -1 3
3648.0 3264.0 64.0 64.0 -1 3
3712.0 3264.0 64.0 64.0 -1 3
3776.0 3264.0 64.0 64.0 -1 3
4288.0 4032.0 64.0 64.0 -1 3
4224.0 4032.0 64.0 64.0 -1 3
4160.0 4032.0 64.0 64.0 -1 3
4160.0 4096.0 64.0 64.0 -1 3
4224.0 4096.0 64.0 64.0 -1 3
4288.0 4096.0 64.0 64.0 -1 3
4480.0 4032.0 64.0 64.0 -1 3
4416.0 4032.0 64.0 64.0 -1 3
4352.0 4032.0 64.0 64.0 -1 3
4352.0 4096.0 64.0 64.0 -1 3
4416.0 4096.0 64.0 64.0 -1 3
4480.0 4096.0 64.0 64.0 -1 3
4288.0 3968.0 64.0 64.0 -1 3
4480.0 3968.0 64.0 64.0 -1 3
4416.0 3968.0 64.0 64.0 -1 3
4352.0 3968.0 64.0 64.0 -1 3
2304.0 832.0 64.0 64.0 -1 3
2368.0 768.0 64.0 64.0 -1 3
2432.0 768.0 64.0 64.0 -1 3
2432.0 832.0 64.0 64.0 -1 3
2368.0 832.0 64.0 64.0 -1 3
2304.0 768.0 64.0 64.0 -1 3
3456.0 1280.0 64.0 64.0 -1 3
3520.0 1280.0 64.0 64.0 -1 3
3584.0 1280.0 64.0 64.0 -1 3
3456.0 1344.0 64.0 64.0 -1 3
3520.0 1344.0 64.0 64.0 -1 3
3584.0 1344.0 64.0 64.0 -1 3
3456.0 1408.0 64.0 64.0 -1 3
3520.0 1408.0 64.0 64.0 -1 3
3584.0 1408.0 64.0 64.0 -1 3
3392.0 1344.0 64.0 64.0 -1 3
3392.0 1408.0 64.0 64.0 -1 3
3392.0 1472.0 64.0 64.0 -1 3
3328.0 1408.0 64.0 64.0 -1 3
3328.0 1472.0 64.0 64.0 -1 3
3328.0 1536.0 64.0 64.0 -1 3
3456.0 1472.0 64.0 64.0 -1 3
3520.0 1472.0 64.0 64.0 -1 3
3456.0 1536.0 64.0 64.0 -1 3
3520.0 1536.0 64.0 64.0 -1 3
3456.0 1600.0 64.0 64.0 -1 3
3520.0 1600.0 64.0 64.0 -1 3
3392.0 1536.0 64.0 64.0 -1 3
3328.0 1600.0 64.0 64.0 -1 3
3392.0 1600.0 64.0 64.0 -1 3
3328.0 1728.0 64.0 64.0 -1 3
3456.0 1728.0 64.0 64.0 -1 3
3520.0 1728.0 64.0 64.0 -1 3
3456.0 1792.0 64.0 64.0 -1 3
3520.0 1792.0 64.0 64.0 -1 3
3392.0 1728.0 64.0 64.0 -1 3
3328.0 1792.0 64.0 64.0 -1 3
3392.0 1792.0 64.0 64.0 -1 3
3392.0 1856.0 64.0 64.0 -1 3
3456.0 1856.0 64.0 64.0 -1 3
3264.0 1856.0 64.0 64.0 -1 3
3328.0 1856.0 64.0 64.0 -1 3
640.0 2112.0 64.0 64.0 -1 3
704.0 2112.0 64.0 64.0 -1 3
768.0 2112.0 64.0 64.0 -1 3
640.0 2176.0 64.0 64.0 -1 3
704.0 2176.0 64.0 64.0 -1 3
768.0 2176.0 64.0 64.0 -1 3
640.0 2240.0 64.0 64.0 -1 3
704.0 2240.0 64.0 64.0 -1 3
768.0 2240.0 64.0 64.0 -1 3
832.0 2176.0 64.0 64.0 -1 3
896.0 2176.0 64.0 64.0 -1 3
960.0 2176.0 64.0 64.0 -1 3
832.0 2240.0 64.0 64.0 -1 3
896.0 2240.0 64.0 64.0 -1 3
960.0 2240.0 64.0 64.0 -1 3
960.0 2048.0 64.0 64.0 -1 3
1024.0 2048.0 64.0 64.0 -1 3
1088.0 2048.0 64.0 64.0 -1 3
960.0 2112.0 64.0 64.0 -1 3
1024.0 2112.0 64.0 64.0 -1 3
1088.0 2112.0 64.0 64.0 -1 3
3968.0 2176.0 64.0 64.0 -1 3
4032.0 2176.0 64.0 64.0 -1 3
3648.0 2048.0 64.0 64.0 -1 3
4096.0 2176.0 64.0 64.0 -1 3
4160.0 2176.0 64.0 64.0 -1 3
4224.0 2176.0 64.0 64.0 -1 3
4096.0 2240.0 64.0 64.0 -1 3
4160.0 2240.0 64.0 64.0 -1 3
4224.0 2240.0 64.0 64.0 -1 3
4096.0 2304.0 64.0 64.0 -1 3
4160.0 2304.0 64.0 64.0 -1 3
4224.0 2304.0 64.0 64.0 -1 3
4096.0 2368.0 64.0 64.0 -1 3
4160.0 2368.0 64.0 64.0 -1 3
4224.0 2368.0 64.0 64.0 -1 3
4288.0 2240.0 64.0 64.0 -1 3
4352.0 2240.0 64.0 64.0 -1 3
4416.0 2240.0 64.0 64.0 -1 3
4288.0 2304.0 64.0 64.0 -1 3
4352.0 2304.0 64.0 64.0 -1 3
4416.0 2304.0 64.0 64.0 -1 3
4288.0 2368.0 64.0 64.0 -1 3
4352.0 2368.0 64.0 64.0 -1 3
4416.0 2368.0 64.0 64.0 -1 3
4480.0 2240.0 64.0 64.0 -1 3
3968.0 2240.0 64.0 64.0 -1 3
4032.0 2240.0 64.0 64.0 -1 3
4480.0 2304.0 64.0 64.0 -1 3
3968.0 2304.0 64.0 64.0 -1 3
4032.0 2304.0 64.0 64.0 -1 3
4480.0 2368.0 64.0 64.0 -1 3
3968.0 2368.0 64.0 64.0 -1 3
4032.0 2368.0 64.0 64.0 -1 3
4288.0 2176.0 64.0 64.0 -1 3
2688.0 896.0 64.0 64.0 -1 3
2752.0 896.0 64.0 64.0 -1 3
2624.0 896.0 64.0 64.0 -1 3
2688.0 960.0 64.0 64.0 -1 3
2752.0 960.0 64.0 64.0 -1 3
2624.0 960.0 64.0 64.0 -1 3
3904.0 2240.0 64.0 64.0 -1 3
3776.0 2048.0 64.0 64.0 -1 3
3840.0 2048.0 64.0 64.0 -1 3
3776.0 2112.0 64.0 64.0 -1 3
3840.0 2112.0 64.0 64.0 -1 3
3712.0 2048.0 64.0 64.0 -1 3
3712.0 2112.0 64.0 64.0 -1 3
3648.0 2112.0 64.0 64.0 -1 3
2944.0 2240.0 64.0 64.0 -1 3
3072.0 2240.0 64.0 64.0 -1 3
3136.0 2240.0 64.0 64.0 -1 3
3072.0 2304.0 64.0 64.0 -1 3
3136.0 2304.0 64.0 64.0 -1 3
3008.0 2240.0 64.0 64.0 -1 3
3008.0 2304.0 64.0 64.0 -1 3
2944.0 2304.0 64.0 64.0 -1 3
3072.0 2368.0 64.0 64.0 -1 3
3136.0 2368.0 64.0 64.0 -1 3
3008.0 2368.0 64.0 64.0 -1 3
2944.0 2368.0 64.0 64.0 -1 3
3008.0 3264.0 64.0 64.0 -1 3
3072.0 3328.0 64.0 64.0 -1 3
3072.0 3200.0 64.0 64.0 -1 3
3136.0 3264.0 64.0 64.0 -1 3
3072.0 3264.0 64.0 64.0 -1 3
3136.0 3328.0 64.0 64.0 -1 3
3136.0 3392.0 64.0 64.0 -1 3
3200.0 3456.0 64.0 64.0 -1 3
3200.0 3328.0 64.0 64.0 -1 3
3264.0 3392.0 64.0 64.0 -1 3
3200.0 3392.0 64.0 64.0 -1 3
3264.0 3456.0 64.0 64.0 -1 3
3648.0 1536.0 64.0 64.0 -1 3
3776.0 1536.0 64.0 64.0 -1 3
3840.0 1536.0 64.0 64.0 -1 3
3776.0 1600.0 64.0 64.0 -1 3
3840.0 1600.0 64.0 64.0 -1 3
3712.0 1536.0 64.0 64.0 -1 3
3712.0 1600.0 64.0 64.0 -1 3
3648.0 1600.0 64.0 64.0 -1 3
3712.0 1472.0 64.0 64.0 -1 3
3776.0 1472.0 64.0 64.0 -1 3
3712.0 1408.0 64.0 64.0 -1 3
3776.0 1408.0 64.0 64.0 -1 3
4480.0 1792.0 64.0 64.0 -1 3
4544.0 1792.0 64.0 64.0 -1 3
4480.0 1856.0 64.0 64.0 -1 3
4544.0 1856.0 64.0 64.0 -1 3
4480.0 1920.0 64.0 64.0 -1 3
4544.0 1920.0 64.0 64.0 -1 3
4480.0 1728.0 64.0 64.0 -1 3
4544.0 1728.0 64.0 64.0 -1 3
4608.0 1792.0 64.0 64.0 -1 3
4608.0 1728.0 64.0 64.0 -1 3
2688.0 1024.0 64.0 64.0 -1 3
2752.0 1024.0 64.0 64.0 -1 3
2624.0 1024.0 64.0 64.0 -1 3
2688.0 1088.0 64.0 64.0 -1 3
2752.0 1088.0 64.0 64.0 -1 3
2624.0 1088.0 64.0 64.0 -1 3
2496.0 960.0 64.0 64.0 -1 3
2560.0 960.0 64.0 64.0 -1 3
2432.0 960.0 64.0 64.0 -1 3
2496.0 1024.0 64.0 64.0 -1 3
2560.0 1024.0 64.0 64.0 -1 3
2432.0 1024.0 64.0 64.0 -1 3
2496.0 1088.0 64.0 64.0 -1 3
2560.0 1088.0 64.0 64.0 -1 3
2432.0 1088.0 64.0 64.0 -1 3
2496.0 1152.0 64.0 64.0 -1 3
2560.0 1152.0 64.0 64.0 -1 3
2432.0 1152.0 64.0 64.0 -1 3
2624.0 1152.0 64.0 64.0 -1 3
2688.0 1152.0 64.0 64.0 -1 3
2368.0 960.0 64.0 64.0 -1 3
2368.0 1024.0 64.0 64.0 -1 3
2368.0 1088.0 64.0 64.0 -1 3
2368.0 1152.0 64.0 64.0 -1 3
2304.0 960.0 64.0 64.0 -1 3
2304.0 1024.0 64.0 64.0 -1 3
2304.0 1088.0 64.0 64.0 -1 3
2304.0 1152.0 64.0 64.0 -1 3
3712.0 4288.0 64.0 64.0 -1 3
3776.0 4288.0 64.0 64.0 -1 3
3840.0 4288.0 64.0 64.0 -1 3
3904.0 4288.0 64.0 64.0 -1 3
3968.0 4288.0 64.0 64.0 -1 3
3968.0 4352.0 64.0 64.0 -1 3
3904.0 4352.0 64.0 64.0 -1 3
3840.0 4352.0 64.0 64.0 -1 3
3776.0 4352.0 64.0 64.0 -1 3
3712.0 4352.0 64.0 64.0 -1 3
GameObjs 262 3
4352.0 3456.0 320.0 320.0 0 3
3455.33 3591.33 128.0 192.0 1 3
3264.0 3520.0 128.0 192.0 1 3
3264.0 3200.0 128.0 192.0 1 3
4424.0 4626.0 128.0 192.0 1 3
4198.67 4512.0 64.0 128.0 1 3
4574.0 4448.0 64.0 128.0 1 3
4494.67 4353.33 128.0 192.0 1 3
4096.0 3008.0 384.0 384.0 0 3
3776.0 3456.0 320.0 320.0 0 3
3520.0 3520.0 128.0 192.0 1 3
3956.0 3018.0 128.0 192.0 1 3
3904.0 3136.0 128.0 192.0 1 3
3328.0 3136.0 128.0 192.0 1 3
1152.0 3456.0 448.0 448.0 0 3
4096.0 960.0 448.0 448.0 0 3
512.0 448.0 448.0 448.0 0 3
1504.0 3870.5 64.0 104.0 1 3
1190.0 3783.0 64.0 192.0 1 3
1920.0 1984.0 448.0 448.0 0 3
1600.0 1792.0 384.0 384.0 0 3
1969.33 1762.67 128.0 192.0 1 3
2385.33 1770.67 128.0 192.0 1 3
2304.0 448.0 128.0 192.0 1 3
2688.0 1216.0 128.0 192.0 1 3
1740.66 922.0 128.0 192.0 1 3
1677.33 2566.67 128.0 192.0 1 3
2390.67 2500.0 64.0 128.0 1 3
2489.33 2445.33 64.0 128.0 1 3
2704.0 1921.33 64.0 128.0 1 3
1042.67 2537.33 128.0 192.0 1 3
1152.0 2240.0 128.0 192.0 1 3
896.0 384.0 128.0 192.0 1 3
1930.67 1832.0 128.0 192.0 1 3
1216.0 1216.0 128.0 192.0 1 3
2334.67 1872.0 128.0 192.0 1 3
1568.0 2268.0 128.0 192.0 1 3
1344.0 2560.0 128.0 192.0 1 3
1152.0 1664.0 128.0 192.0 1 3
1240.0 1580.0 128.0 192.0 1 3
1240.0 1092.0 128.0 192.0 1 3
1302.67 1146.67 128.0 192.0 1 3
1746.18 2635.39 128.0 192.0 1 3
949.212 1786.91 128.0 192.0 1 3
837.091 1580.85 128.0 192.0 1 3
2649.21 1999.0300000000002 128.0 192.0 1 3
1929.7 2624.97 64.0 128.0 1 3
2317.58 2624.97 64.0 128.0 1 3
2566.06 2364.36 64.0 128.0 1 3
2629.7 2124.97 64.0 128.0 1 3
2666.06 1497.7 64.0 128.0 1 3
2697.7 1520.24 128.0 192.0 1 3
2764.36 1150.55 128.0 192.0 1 3
2112.0 384.0 128.0 192.0 1 3
1788.61 2505.09 128.0 192.0 1 3
2137.09 2508.12 128.0 192.0 1 3
1280.0 2496.0 128.0 192.0 1 3
1088.0 2304.0 128.0 192.0 1 3
4140.12 1280.85 128.0 192.0 1 3
4115.0 1288.0 64.0 128.0 1 3
4396.0 1266.0 128.0 192.0 1 3
4474.0 1230.0 128.0 192.0 1 3
3961.0 1043.0 128.0 192.0 1 3
4039.0 1018.0 64.0 128.0 1 3
4459.0 886.0 64.0 128.0 1 3
3974.0 836.0 64.0 128.0 1 3
4284.0 722.0 64.0 128.0 1 3
4661.0 1017.0 64.0 128.0 1 3
4730.0 1286.0 64.0 128.0 1 3
4605.0 1323.0 64.0 128.0 1 3
4597.0 761.0 64.0 128.0 1 3
3947.0 693.0 64.0 128.0 1 3
3735.0 1181.0 64.0 128.0 1 3
4445.33 2068.0 64.0 128.0 1 3
4003.0 1607.0 64.0 128.0 1 3
3930.0 1338.0 64.0 128.0 1 3
4639.0 1324.0 128.0 192.0 1 3
4701.0 1061.0 128.0 192.0 1 3
4015.0 1444.0 128.0 192.0 1 3
4078.0 1369.0 128.0 192.0 1 3
4229.0 1667.0 128.0 192.0 1 3
4014.0 813.0 128.0 192.0 1 3
4256.0 738.0 128.0 192.0 1 3
3723.0 1195.0 128.0 192.0 1 3
4606.0 1057.0 128.0 192.0 1 3
4437.0 656.0 128.0 192.0 1 3
3930.0 855.0 128.0 192.0 1 3
3998.0 1298.0 128.0 192.0 1 3
4509.0 1351.0 128.0 192.0 1 3
1152.0 2752.0 128.0 192.0 1 3
960.0 2880.0 128.0 192.0 1 3
1088.0 2816.0 128.0 192.0 1 3
4292.0 4463.5 64.0 128.0 1 3
4448.0 4463.5 64.0 128.0 1 3
4288.0 4400.0 232.0 80.0 2 5
1267.0 3939.75 64.0 128.0 1 3
1421.67 3941.08 64.0 128.0 1 3
1261.67 3877.58 232.0 80.0 2 4
3078.67 2632.0 128.0 192.0 1 3
2928.0 2484.0 128.0 192.0 1 3
2737.33 2733.33 128.0 192.0 1 3
3010.67 2425.33 64.0 128.0 1 3
1482.67 3354.67 128.0 192.0 1 3
1036.0 4022.67 128.0 192.0 1 3
1724.0 3908.0 128.0 192.0 1 3
1673.33 4590.67 128.0 192.0 1 3
597.333 4210.67 128.0 192.0 1 3
673.333 4354.67 64.0 104.0 1 3
3072.0 2880.0 128.0 192.0 1 3
2624.0 2880.0 128.0 192.0 1 3
2688.0 2944.0 128.0 192.0 1 3
448.0 384.0 128.0 192.0 1 3
960.0 448.0 128.0 192.0 1 3
1024.0 512.0 128.0 192.0 1 3
832.0 832.0 128.0 192.0 1 3
576.0 768.0 128.0 192.0 1 3
448.0 704.0 128.0 192.0 1 3
1280.0 896.0 128.0 192.0 1 3
320.0 1216.0 128.0 192.0 1 3
256.0 1344.0 64.0 128.0 1 3
415.64 1302.54 128.0 192.0 1 3
1024.0 1152.0 128.0 192.0 1 3
128.0 1088.0 128.0 192.0 1 3
4352.0 2048.0 128.0 192.0 1 3
3532.0 1070.0 64.0 128.0 1 3
3366.0 1211.0 64.0 128.0 1 3
3173.0 1577.0 64.0 128.0 1 3
3420.0 1071.0 128.0 192.0 1 3
3599.0 1777.0 128.0 192.0 1 3
3111.0 1871.0 128.0 192.0 1 3
3200.0 1664.0 128.0 192.0 1 3
3008.0 1408.0 128.0 192.0 1 3
4593.0 3664.0 128.0 192.0 1 3
4437.0 3035.0 128.0 192.0 1 3
4038.0 3650.0 128.0 192.0 1 3
4060.0 3255.0 128.0 192.0 1 3
4367.0 3313.0 128.0 192.0 1 3
4443.0 3244.0 128.0 192.0 1 3
3840.0 3264.0 128.0 192.0 1 3
320.0 1344.0 128.0 192.0 1 3
448.0 2560.0 128.0 192.0 1 3
384.0 2496.0 128.0 192.0 1 3
1920.0 448.0 128.0 192.0 1 3
1728.0 512.0 128.0 192.0 1 3
2176.0 448.0 128.0 192.0 1 3
1856.0 512.0 64.0 128.0 1 3
2624.0 640.0 128.0 192.0 1 3
1984.0 384.0 128.0 192.0 1 3
2048.0 320.0 128.0 192.0 1 3
2560.0 576.0 128.0 192.0 1 3
2176.0 576.0 64.0 128.0 1 3
1984.0 576.0 64.0 128.0 1 3
1920.0 448.0 64.0 128.0 1 3
2496.0 4736.0 128.0 192.0 1 3
2481.33 3996.0 128.0 192.0 1 3
2688.0 4032.0 64.0 128.0 1 3
1734.0 4039.0 64.0 128.0 1 3
1134.0 3786.5 64.0 128.0 1 3
1190.33 3949.5 64.0 128.0 1 3
1497.5 4098.17 128.0 192.0 1 3
1549.33 3721.33 128.0 192.0 1 3
1117.33 3450.67 64.0 192.0 1 3
900.0 3725.33 128.0 192.0 1 3
1031.67 4088.17 60.0 60.0 1 3
1118.5 3890.17 56.0 60.0 1 3
1822.17 4123.83 56.0 60.0 1 3
1185.67 4200.67 56.0 60.0 1 3
1660.0 4201.33 56.0 60.0 1 3
1119.0 4181.33 60.0 60.0 1 3
1848.0 4098.0 60.0 60.0 1 3
1001.33 4048.0 60.0 60.0 1 3
935.5 3901.0 64.0 104.0 1 3
1650.0 3649.5 64.0 192.0 1 3
904.0 3874.0 56.0 60.0 1 3
862.5 3746.5 56.0 60.0 1 3
773.5 3682.0 60.0 60.0 1 3
847.5 4231.5 60.0 60.0 1 3
1728.5 4150.5 56.0 60.0 1 3
1271.83 4162.75 64.0 128.0 1 3
1418.83 4162.75 64.0 128.0 1 3
1261.83 4098.58 232.0 80.0 2 4
2222.0 3991.0 56.0 60.0 1 3
1874.0 3436.0 56.0 60.0 1 3
2546.0 3919.0 56.0 60.0 1 3
2093.0 4616.0 60.0 60.0 1 3
1078.0 4422.0 60.0 60.0 1 3
4211.33 4503.33 60.0 60.0 1 3
4479.33 4560.67 60.0 60.0 1 3
4264.33 4441.0 56.0 60.0 1 3
4265.0 4555.0 56.0 60.0 1 3
3081.33 3038.0 60.0 60.0 1 3
3139.33 2812.67 60.0 60.0 1 3
3733.33 3034.0 60.0 60.0 1 3
3361.33 2960.0 56.0 60.0 1 3
2771.33 2581.33 60.0 60.0 1 3
2963.33 3175.33 56.0 60.0 1 3
2813.33 2614.67 56.0 60.0 1 3
4692.0 2974.67 128.0 192.0 1 3
4780.0 3081.33 128.0 192.0 1 3
4866.67 3624.0 128.0 192.0 1 3
5372.0 3549.33 128.0 192.0 1 3
4764.0 3256.0 64.0 128.0 1 3
4838.67 3572.0 64.0 128.0 1 3
4869.33 3550.0 56.0 60.0 1 3
4917.33 3048.67 56.0 60.0 1 3
4881.33 3886.0 56.0 60.0 1 3
4747.67 3851.67 128.0 192.0 1 3
4839.0 4027.0 56.0 60.0 1 3
4810.0 4009.33 56.0 60.0 1 3
4918.67 4235.33 56.0 60.0 1 3
4821.0 4087.67 60.0 60.0 1 3
4786.67 4054.33 60.0 60.0 1 3
4744.33 3836.67 64.0 128.0 1 3
4934.0 4185.0 60.0 60.0 1 3
1780.0 2744.5 128.0 192.0 1 3
1761.33 3336.0 64.0 128.0 1 3
832.0 1984.0 128.0 192.0 1 3
532.97 2157.45 128.0 192.0 1 3
466.303 2078.67 128.0 192.0 1 3
905.333 1197.27 56.0 60.0 1 3
644.0 1936.67 56.0 60.0 1 3
612.667 1896.67 60.0 60.0 1 3
762.0 2602.0 60.0 60.0 1 3
1101.33 2459.33 56.0 60.0 1 3
4373.0 1465.0 128.0 192.0 1 3
4903.33 1888.67 128.0 192.0 1 3
4868.0 2170.67 128.0 192.0 1 3
4986.67 1670.67 128.0 192.0 1 3
4986.66 1022.6700000000001 128.0 192.0 1 3
4951.33 1304.67 128.0 192.0 1 3
5070.0 804.667 128.0 192.0 1 3
4851.99 413.33299999999997 128.0 192.0 1 3
4816.66 695.333 128.0 192.0 1 3
4935.33 195.33300000000003 128.0 192.0 1 3
5013.33 1424.0 64.0 128.0 1 3
5052.0 1194.67 64.0 128.0 1 3
4885.33 853.333 64.0 128.0 1 3
5097.33 1294.67 64.0 128.0 1 3
4956.0 1398.67 64.0 128.0 1 3
5104.0 1978.67 64.0 128.0 1 3
5276.0 1574.67 64.0 128.0 1 3
5037.33 1540.0 64.0 128.0 1 3
5224.0 1449.33 64.0 128.0 1 3
4948.0 1112.0 64.0 128.0 1 3
4552.0 386.66700000000003 64.0 128.0 1 3
4061.33 256.0 64.0 128.0 1 3
3718.67 220.0 64.0 128.0 1 3
4241.33 268.0 64.0 128.0 1 3
4920.0 540.0 64.0 128.0 1 3
5042.67 1741.33 128.0 192.0 1 3
4932.0 1421.33 128.0 192.0 1 3
4930.67 2221.33 128.0 192.0 1 3
4817.33 3262.67 128.0 192.0 1 3
4929.33 3521.33 128.0 192.0 1 3
4279.0 1730.0 128.0 192.0 1 3
4614.0 2118.0 128.0 192.0 1 3
4739.0 1455.0 64.0 128.0 1 3
4702.0 1501.0 64.0 128.0 1 3
4735.0 1716.0 64.0 128.0 1 3
4669.0 1894.0 64.0 128.0 1 3
4623.0 1961.0 64.0 128.0 1 3
4678.0 1978.0 128.0 192.0 1 3
Transition 6 4
1343.64 3812.36 64.1818 91.6364 2 5
704.0 803.75 64.0 84.0 4 5
4288.25 1316.25 63.25 83.5 3 5
1728.33 2084.33 127.0 81.6667 5 5
4224.0 3300.0 127.333 84.0 5 5
4417.0 3691.5 60.0 75.0 6 5
Collision 411 5
1025.67 3439.67 52.6667 656.333 -1 -1
1047.33 3408.67 26.3333 24.3333 -1 -1
933.333 3393.67 19.6667 418.333 -1 -1
809.0 3203.0 14.5 478.0 -1 -1
764.0 3694.0 33.5 5.5 -1 -1
743.5 3715.5 15.0 91.5 -1 -1
680.0 3844.5 17.5 455.5 -1 -1
702.5 3823.0 34.0 6.5 -1 -1
703.0 4303.0 20.0 16.0 -1 -1
728.5 4323.5 14.5 14.0 -1 -1
746.5 4354.0 13.5 63.5 -1 -1
765.5 4429.0 15.0 13.0 -1 -1
789.5 4447.5 10.5 10.5 -1 -1
809.0 4464.5 16.0 83.5 -1 -1
825.5 4557.5 79.0 13.5 -1 -1
916.0 4574.5 21.0 15.0 -1 -1
942.5 4598.5 9.5 28.5 -1 -1
956.5 4618.0 74.0 17.5 -1 -1
1046.5 4636.5 11.5 13.0 -1 -1
1065.5 4659.0 11.5 9.5 -1 -1
1075.0 4682.5 7.5 12.0 -1 -1
1091.0 4685.0 200.5 14.0 -1 -1
1305.0 4701.5 11.0 14.0 -1 -1
1323.5 4721.0 9.5 11.5 -1 -1
1330.0 4741.0 87.0 20.0 -1 -1
1422.5 4730.0 8.0 11.0 -1 -1
1433.0 4709.0 16.0 11.0 -1 -1
1461.0 4684.0 66.5 13.5 -1 -1
1604.0 4683.0 449.5 18.5 -1 -1
2060.5 4666.5 7.0 19.0 -1 -1
2075.5 4642.5 14.0 10.5 -1 -1
2097.0 4622.5 9.5 10.5 -1 -1
2125.5 4606.5 11.0 12.5 -1 -1
2137.0 4581.5 20.0 6.5 -1 -1
2166.0 4555.0 18.5 12.0 -1 -1
2187.5 4474.0 11.0 87.0 -1 -1
2200.0 4449.0 19.0 11.0 -1 -1
2226.0 4427.5 28.0 18.0 -1 -1
2246.5 4230.5 15.5 192.5 -1 -1
2256.5 4196.0 5.5 27.5 -1 -1
2269.5 4189.0 17.5 11.0 -1 -1
2293.0 4174.5 27.0 7.0 -1 -1
2316.0 4034.5 8.5 134.0 -1 -1
2248.0 3844.0 12.0 151.0 -1 -1
2265.0 4006.0 12.5 8.0 -1 -1
2283.5 4016.0 27.0 8.0 -1 -1
2213.5 3818.0 18.0 11.0 -1 -1
2187.0 3774.0 11.0 33.0 -1 -1
2151.0 3755.5 24.0 10.0 -1 -1
2121.5 3528.5 10.0 199.5 -1 -1
2132.5 3736.5 4.5 10.0 -1 -1
2082.5 3497.0 20.5 9.5 -1 -1
2110.5 3507.5 10.0 7.0 -1 -1
2059.5 3459.0 9.0 26.0 -1 -1
1894.5 3436.5 157.0 12.5 -1 -1
1878.0 3426.0 9.5 7.5 -1 -1
1869.5 3395.0 7.0 22.5 -1 -1
1829.0 3373.0 26.0 9.0 -1 -1
1806.0 3334.0 10.0 30.0 -1 -1
1764.5 3308.0 25.5 9.0 -1 -1
1743.0 3271.0 10.0 26.5 -1 -1
1734.5 3198.5 16.0 67.0 -1 -1
839.0 3179.0 883.0 9.0 -1 -1
961.0 3374.0 770.0 8.0 -1 -1
1079.0 3390.0 619.0 13.0 -1 -1
1676.0 3415.0 44.0 156.0 -1 -1
1743.0 3608.0 31.0 401.0 -1 -1
1680.0 3997.0 35.0 195.0 -1 -1
1414.0 4172.0 261.0 39.0 -1 -1
1174.0 4171.0 153.0 37.0 -1 -1
1168.0 4121.0 32.0 38.0 -1 -1
1109.0 4107.0 31.0 34.0 -1 -1
1107.0 4051.0 28.0 40.0 -1 -1
873.333 3843.33 15.3333 380.0 -1 -1
888.0 3825.33 40.0 4.0 -1 -1
904.0 4246.67 18.6667 22.0 -1 -1
931.333 4269.33 12.6667 14.0 -1 -1
936.667 4293.33 14.6667 60.0 -1 -1
952.0 4365.33 11.3333 10.0 -1 -1
970.667 4374.67 14.6667 13.3333 -1 -1
996.0 4394.67 11.3333 14.0 -1 -1
1015.33 4430.0 781.333 14.6667 -1 -1
1797.33 4168.0 17.3333 182.667 -1 -1
1800.0 4410.67 10.0 16.0 -1 -1
1813.33 4138.0 5.33333 21.3333 -1 -1
1824.67 4125.33 14.6667 9.33333 -1 -1
1847.33 4106.67 29.3333 10.0 -1 -1
1860.67 3658.0 16.6667 440.667 -1 -1
1798.67 3524.67 14.0 73.3333 -1 -1
1814.0 3613.33 6.66667 12.0 -1 -1
1832.0 3627.33 20.6667 9.33333 -1 -1
1764.67 3498.67 18.6667 9.33333 -1 -1
1788.0 3508.67 12.0 8.66667 -1 -1
1736.0 3390.67 12.6667 82.0 -1 -1
1748.0 3485.33 9.33333 11.3333 -1 -1
5317.0 3785.0 164.0 50.0 -1 -1
5454.0 3840.0 46.0 39.0 -1 -1
5102.0 3792.0 71.0 32.0 -1 -1
4942.0 3014.0 24.0 54.0 -1 -1
4973.0 3070.0 167.0 10.0 -1 -1
5126.0 3086.0 42.0 45.0 -1 -1
5141.0 3133.0 360.0 8.0 -1 -1
2105.33 1229.33 400.0 16.0 -1 -1
2508.0 1245.33 21.3333 20.0 -1 -1
2537.33 1276.0 9.33333 24.0 -1 -1
2562.67 1298.67 13.3333 18.6667 -1 -1
2584.0 1325.33 24.0 440.0 -1 -1
2429.33 1768.0 150.667 12.0 -1 -1
2337.33 1792.0 66.6667 46.6667 -1 -1
2410.67 1788.0 9.33333 25.3333 -1 -1
2320.0 1793.33 17.3333 25.3333 -1 -1
2149.33 1769.33 166.667 12.0 -1 -1
2133.33 1737.33 14.6667 22.6667 -1 -1
2096.0 1710.67 32.0 9.33333 -1 -1
2065.33 1669.33 40.0 29.3333 -1 -1
2028.0 1645.33 34.6667 12.0 -1 -1
1994.67 1544.0 32.0 76.0 -1 -1
2012.0 1630.67 8.0 8.0 -1 -1
2004.0 1510.67 17.3333 24.0 -1 -1
2030.67 1486.67 32.0 8.0 -1 -1
2056.0 1276.0 14.6667 206.667 -1 -1
2077.33 1246.67 14.6667 10.6667 -1 -1
376.0 650.667 12.0 10.6667 -1 -1
397.333 664.0 18.6667 21.3333 -1 -1
421.333 690.667 16.0 206.667 -1 -1
437.333 916.0 37.3333 30.6667 -1 -1
492.0 984.0 46.6667 25.3333 -1 -1
549.333 1021.33 18.6667 26.6667 -1 -1
576.0 1056.0 41.3333 32.0 -1 -1
613.333 1096.0 13.3333 210.667 -1 -1
438.667 1309.33 164.0 20.0 -1 -1
332.0 1208.0 25.3333 25.3333 -1 -1
353.333 1246.67 53.3333 33.3333 -1 -1
416.0 1296.0 18.6667 29.3333 -1 -1
202.667 1168.0 128.0 38.6667 -1 -1
136.0 1076.0 37.3333 24.0 -1 -1
158.667 1110.67 42.6667 29.3333 -1 -1
97.3333 1033.33 32.0 41.3333 -1 -1
16.0 990.667 52.0 16.0 -1 -1
72.0 1012.0 20.0 26.6667 -1 -1
9.33333 1390.0 52.0 11.3333 -1 -1
70.0 1404.0 12.0 12.6667 -1 -1
84.0 1430.0 10.6667 14.6667 -1 -1
99.3333 1452.67 89.3333 11.3333 -1 -1
198.667 1466.67 11.3333 17.3333 -1 -1
212.667 1498.0 10.6667 16.0 -1 -1
232.667 1514.67 86.0 14.6667 -1 -1
332.0 1533.33 9.33333 32.6667 -1 -1
348.0 1572.67 10.6667 14.0 -1 -1
374.0 1586.67 23.3333 7.33333 -1 -1
396.0 1600.0 10.6667 477.333 -1 -1
416.667 2089.33 22.0 10.0 -1 -1
452.0 2105.33 18.6667 196.0 -1 -1
461.333 2430.0 11.3333 19.3333 -1 -1
434.667 2448.0 22.6667 9.33333 -1 -1
401.333 2467.33 29.3333 13.3333 -1 -1
392.667 2490.67 14.0 21.3333 -1 -1
246.0 2507.33 148.667 14.6667 -1 -1
214.667 2465.33 11.3333 10.0 -1 -1
229.333 2480.0 13.3333 12.0 -1 -1
179.333 2447.33 24.6667 14.6667 -1 -1
168.0 2361.33 16.0 82.0 -1 -1
149.333 2336.67 22.0 19.3333 -1 -1
53.3333 2313.33 90.0 21.3333 -1 -1
10.0 2262.0 16.6667 10.6667 -1 -1
30.6667 2279.33 14.0 18.6667 -1 -1
2952.0 2953.33 165.333 44.0 -1 -1
3087.33 2906.0 20.6667 25.3333 -1 -1
3136.0 2892.67 93.3333 36.6667 -1 -1
3218.67 2781.33 29.3333 126.0 -1 -1
3150.67 2644.0 39.3333 98.6667 -1 -1
3199.33 2757.33 23.3333 14.6667 -1 -1
3082.67 2521.33 42.0 99.3333 -1 -1
2892.67 2662.67 36.6667 82.6667 -1 -1
2911.33 2633.33 23.3333 17.3333 -1 -1
2956.0 2586.0 36.0 32.0 -1 -1
2986.0 2526.67 9.33333 56.0 -1 -1
3019.33 2500.67 74.0 14.0 -1 -1
2818.0 2752.0 61.3333 7.33333 -1 -1
2699.33 2846.0 42.0 98.0 -1 -1
2722.0 2825.33 26.6667 10.0 -1 -1
2771.33 2788.67 36.0 23.3333 -1 -1
2708.67 2952.67 162.0 46.0 -1 -1
4673.0 1674.5 58.0 17.0 -1 -1
4740.5 1668.5 13.0 14.0 -1 -1
4753.5 1650.0 8.5 14.0 -1 -1
4760.0 1632.0 24.0 14.5 -1 -1
4783.0 1614.0 30.5 14.5 -1 -1
4809.5 1534.0 11.5 74.0 -1 -1
4649.0 1602.5 12.0 53.0 -1 -1
4662.0 1664.5 7.0 20.0 -1 -1
4666.0 1588.5 32.5 4.0 -1 -1
4698.0 1578.5 11.5 5.5 -1 -1
4713.0 1566.5 16.5 8.5 -1 -1
4737.0 1550.5 9.0 5.5 -1 -1
4754.0 1538.5 12.0 3.5 -1 -1
4777.0 1528.5 36.0 4.5 -1 -1
3215.0 2313.33 48.3333 327.0 -1 -1
0.0 0.0 2.5 5504.0 -1 -1
0.0 0.0 5494.29 2.5 -1 -1
358.667 451.333 19.3333 191.333 -1 -1
372.0 421.333 39.3333 12.6667 -1 -1
404.667 370.0 29.3333 43.3333 -1 -1
418.0 331.333 256.667 40.6667 -1 -1
650.667 364.0 31.3333 34.0 -1 -1
662.667 400.667 76.0 19.3333 -1 -1
682.667 421.333 240.667 10.6667 -1 -1
904.0 360.0 44.0 53.3333 -1 -1
938.0 324.667 88.0 51.3333 -1 -1
1040.0 361.333 34.6667 39.3333 -1 -1
1054.0 400.0 76.6667 31.3333 -1 -1
1094.0 424.0 24.0 99.3333 -1 -1
1122.67 534.0 30.6667 20.6667 -1 -1
1162.0 564.667 10.6667 159.333 -1 -1
1096.67 779.333 15.3333 134.667 -1 -1
1111.33 743.333 14.0 9.33333 -1 -1
1134.0 722.667 23.3333 12.0 -1 -1
1069.33 919.333 21.3333 9.33333 -1 -1
1046.67 933.333 18.0 8.0 -1 -1
1034.0 954.667 12.0 87.3333 -1 -1
820.0 1036.67 212.0 14.0 -1 -1
790.0 1054.67 22.0 17.3333 -1 -1
778.0 1087.33 10.0 83.3333 -1 -1
790.667 1186.67 17.3333 12.0 -1 -1
814.0 1193.33 220.667 14.0 -1 -1
1036.0 1163.33 33.3333 24.0 -1 -1
1064.67 1116.0 45.3333 24.0 -1 -1
1112.0 1068.67 21.3333 58.6667 -1 -1
1124.0 1055.33 47.3333 22.0 -1 -1
1166.0 1011.33 31.3333 50.0 -1 -1
1191.33 976.0 54.0 32.6667 -1 -1
1244.67 935.333 21.3333 51.3333 -1 -1
1274.67 926.0 160.0 17.3333 -1 -1
1438.0 890.0 17.3333 40.0 -1 -1
1463.33 871.333 31.3333 12.6667 -1 -1
1504.67 826.0 15.3333 40.6667 -1 -1
1525.33 806.0 160.0 14.6667 -1 -1
1698.67 646.0 15.3333 158.0 -1 -1
1718.67 617.333 36.0 14.0 -1 -1
1768.0 2.0 11.3333 614.0 -1 -1
1932.67 1.33333 44.0 56.6667 -1 -1
1998.0 80.0 38.6667 107.333 -1 -1
2064.67 206.667 34.6667 45.3333 -1 -1
2117.33 272.667 46.6667 214.0 -1 -1
2252.0 394.667 42.0 47.3333 -1 -1
2184.0 381.333 78.0 8.66667 -1 -1
2314.0 463.333 34.6667 41.3333 -1 -1
2376.67 519.333 36.0 42.6667 -1 -1
2441.33 581.333 39.3333 55.3333 -1 -1
2510.0 650.667 40.0 284.667 -1 -1
2248.0 905.333 264.667 41.3333 -1 -1
1934.67 909.333 230.667 48.0 -1 -1
1931.33 965.333 38.0 102.0 -1 -1
1868.67 1044.0 40.6667 140.667 -1 -1
1801.33 1174.67 38.6667 148.0 -1 -1
1744.67 1293.33 36.0 93.3333 -1 -1
1677.33 1368.67 36.0 144.667 -1 -1
1612.67 1497.33 30.0 82.0 -1 -1
1548.67 1560.67 38.0 79.3333 -1 -1
1486.67 1624.0 32.6667 149.333 -1 -1
1419.33 1752.0 41.3333 140.667 -1 -1
2886.67 1432.0 41.3333 657.333 -1 -1
2953.33 1236.0 37.3333 208.0 -1 -1
3021.33 1102.67 33.3333 156.0 -1 -1
2953.33 974.667 38.6667 104.0 -1 -1
2886.67 845.333 44.0 104.0 -1 -1
2764.0 718.667 30.6667 42.6667 -1 -1
2830.67 789.333 33.3333 38.6667 -1 -1
2701.33 650.667 32.0 49.3333 -1 -1
2572.0 522.667 34.6667 94.6667 -1 -1
2640.0 637.333 66.6667 9.33333 -1 -1
2513.33 462.667 33.3333 38.6667 -1 -1
2445.33 398.667 29.3333 44.0 -1 -1
2381.33 336.0 38.6667 45.3333 -1 -1
2316.0 213.333 41.3333 104.0 -1 -1
2181.33 17.3333 44.0 86.6667 -1 -1
2252.0 144.0 44.0 48.0 -1 -1
-1.0 3102.33 45.0 46.0 -1 -1
59.5 3164.33 45.0 46.0 -1 -1
132.167 3217.67 99.0 46.0 -1 -1
285.833 3303.67 82.6667 34.0 -1 -1
391.5 3370.0 38.3333 336.0 -1 -1
1356.67 1877.33 39.3333 210.0 -1 -1
1295.33 2064.67 39.3333 430.667 -1 -1
1235.33 2510.67 88.6667 38.0 -1 -1
1222.0 2558.67 43.3333 44.0 -1 -1
1044.67 2576.0 163.333 31.3333 -1 -1
1034.0 2617.33 30.0 55.3333 -1 -1
862.667 2638.67 164.0 34.6667 -1 -1
10.6667 2578.0 870.0 42.0 -1 -1
6.66667 2700.0 422.667 46.6667 -1 -1
398.667 2761.33 40.0 29.3333 -1 -1
446.667 2768.0 1132.0 37.3333 -1 -1
1556.0 2822.67 29.3333 26.6667 -1 -1
1596.0 2834.67 374.667 25.3333 -1 -1
1941.33 2886.67 33.3333 38.6667 -1 -1
1976.0 2890.67 121.333 40.0 -1 -1
2185.33 2890.67 280.0 36.0 -1 -1
2446.67 2833.33 36.0 40.0 -1 -1
2509.33 2780.0 34.6667 85.3333 -1 -1
2572.0 2652.0 34.6667 138.667 -1 -1
2637.33 2514.67 33.3333 146.667 -1 -1
2698.67 2386.67 36.0 149.333 -1 -1
2764.0 2272.0 33.3333 129.333 -1 -1
2828.0 2068.0 36.0 205.333 -1 -1
454.5 3723.0 45.0 176.0 -1 -1
517.5 3922.0 45.0 872.0 -1 -1
581.25 4849.5 45.0 46.0 -1 -1
629.5 4888.75 37.25 36.0 -1 -1
715.5 4947.0 394.0 37.0 -1 -1
1159.5 5002.0 3443.0 46.0 -1 -1
4629.5 4967.0 36.0 80.0 -1 -1
4785.5 4887.0 75.0 24.0 -1 -1
4688.5 4942.0 45.0 46.0 -1 -1
4875.5 4432.0 45.0 489.0 -1 -1
4927.5 4366.0 60.0 46.0 -1 -1
5005.5 4237.0 45.0 130.0 -1 -1
5069.5 4169.0 172.0 46.0 -1 -1
5258.5 4108.0 45.0 107.0 -1 -1
5388.5 3977.33 101.667 46.0 -1 -1
5323.5 4043.67 45.0 46.0 -1 -1
5501.5 0.0 2.5 5504.0 -1 -1
4600.0 2044.0 81.3333 81.3333 -1 -1
4660.0 1917.33 74.6667 85.3333 -1 -1
4725.33 1786.67 76.0 82.6667 -1 -1
4717.33 1881.33 41.3333 30.6667 -1 -1
4734.67 1925.33 17.3333 62.6667 -1 -1
4276.0 1813.33 80.0 186.667 -1 -1
4209.33 1792.0 61.3333 80.0 -1 -1
4368.0 1844.0 62.6667 93.3333 -1 -1
4360.0 1948.0 18.6667 24.0 -1 -1
4661.33 2241.33 90.6667 212.0 -1 -1
4596.0 2233.33 56.0 84.0 -1 -1
4622.67 2328.0 32.0 14.6667 -1 -1
4545.33 2509.33 178.667 12.0 -1 -1
4525.33 2489.33 8.0 20.0 -1 -1
4496.0 2462.67 22.6667 17.3333 -1 -1
3958.67 2440.0 529.333 18.6667 -1 -1
3946.67 2364.0 10.6667 60.0 -1 -1
3880.0 2240.0 12.0 61.3333 -1 -1
3905.33 2321.33 20.0 10.6667 -1 -1
3940.0 2341.33 6.66667 10.6667 -1 -1
3905.33 2218.67 30.6667 18.6667 -1 -1
3944.0 2061.33 13.3333 146.667 -1 -1
4006.67 1924.0 13.3333 88.0 -1 -1
3960.0 2030.67 33.3333 6.66667 -1 -1
4006.67 1794.67 13.3333 53.3333 -1 -1
3972.0 1748.0 22.6667 14.6667 -1 -1
3945.33 1532.0 14.6667 206.667 -1 -1
3880.0 1426.67 16.0 58.6667 -1 -1
3909.33 1496.0 18.6667 13.3333 -1 -1
3937.33 1518.67 9.33333 5.33333 -1 -1
4742.42 3406.06 42.4848 415.152 -1 -1
4621.3 3088.03 38.5152 213.97 -1 -1
4684.85 3284.85 36.9394 136.364 -1 -1
4726.09 3009.12 218.818 6.33333 -1 -1
4665.82 3062.64 16.6061 14.4848 -1 -1
4824.24 3854.06 272.727 36.8485 -1 -1
4692.0 3027.0 32.0 29.0 -1 -1
4807.0 3793.0 35.0 40.0 -1 -1
3145.0 2956.0 229.0 14.0 -1 -1
3400.0 2973.0 23.0 13.0 -1 -1
3439.0 3004.0 11.0 21.0 -1 -1
3461.0 3020.0 48.0 14.0 -1 -1
3594.0 3023.0 186.0 10.0 -1 -1
3798.0 3040.0 18.0 12.0 -1 -1
3830.0 3082.0 253.0 14.0 -1 -1
5017.0 4195.0 36.0 26.0 -1 -1
5277.0 4075.0 36.0 26.0 -1 -1
5343.0 4005.0 36.0 26.0 -1 -1
4750.5 4924.0 39.0 25.0 -1 -1
1123.0 4978.0 16.0 34.0 -1 -1
648.75 4929.0 45.0 46.0 -1 -1
543.375 4817.0 37.25 36.0 -1 -1
3599.0 2511.0 31.0 182.0 -1 -1
3623.0 2704.0 149.0 32.0 -1 -1
3799.0 2744.0 28.0 25.0 -1 -1
3823.0 2777.0 287.0 20.0 -1 -1
4119.0 2804.0 34.0 42.0 -1 -1
4168.0 2844.0 316.0 14.0 -1 -1
4509.0 2864.0 39.0 49.0 -1 -1
4571.0 2904.0 253.0 21.0 -1 -1
4821.0 2954.0 27.0 31.0 -1 -1
3656.0 2451.0 164.0 41.0 -1 -1
3625.0 2477.0 26.0 13.0 -1 -1
3829.0 2487.0 46.0 58.0 -1 -1
3894.0 2520.0 477.0 33.0 -1 -1
4374.0 2556.0 19.0 54.0 -1 -1
4416.0 2583.0 184.0 31.0 -1 -1
4620.0 2610.0 32.0 42.0 -1 -1
4662.0 2640.0 260.0 32.0 -1 -1
4942.0 2664.0 24.0 54.0 -1 -1
4979.0 2701.0 15.0 28.0 -1 -1
4994.0 2703.0 246.0 26.0 -1 -1
5256.0 2722.0 19.0 38.0 -1 -1
5286.0 2760.0 19.0 29.0 -1 -1
5322.0 2769.0 180.0 12.0 -1 -1
221.5 3275.67 45.0 46.0 -1 -1
3250.0 2642.0 149.0 24.0 -1 -1
3406.0 2350.0 30.0 308.0 -1 -1
3428.0 2316.0 113.0 31.0 -1 -1
3532.0 2260.0 26.0 71.0 -1 -1
3547.0 2233.0 74.0 42.0 -1 -1
3604.0 2117.0 25.0 106.0 -1 -1
3444.0 2070.0 150.0 38.0 -1 -1
3410.0 2114.0 37.0 22.0 -1 -1
3371.0 2146.0 49.0 18.0 -1 -1
3345.0 2175.0 33.0 34.0 -1 -1
3300.0 2213.0 29.0 11.0 -1 -1
3234.0 2274.0 31.0 20.0 -1 -1
3275.0 2253.0 34.0 8.0 -1 -1
Water 34 6
0.0 3264.0 192.0 64.0 -1 1
0.0 3200.0 64.0 64.0 -1 1
576.0 5056.0 4930.0 448.0 -1 1
576.0 4992.0 512.0 64.0 -1 1
576.0 4928.0 64.0 64.0 -1 1
4928.0 4416.0 576.0 640.0 -1 1
4672.0 4992.0 256.0 64.0 -1 1
4800.0 4928.0 128.0 64.0 -1 1
5056.0 4224.0 448.0 192.0 -1 1
5312.01 4096.0 192.0 128.0 -1 1
5375.98 4032.0 128.0 64.0 -1 1
256.0 4864.01 320.0 640.0 -1 1
3264.0 2304.0 128.0 320.0 -1 1
3328.0 2240.0 192.0 64.0 -1 1
3456.0 2112.0 128.0 64.0 -1 1
3392.0 2176.0 192.0 64.0 -1 1
4608.0 2688.0 320.0 192.0 -1 1
4928.0 2752.0 320.0 192.0 -1 1
4864.0 2880.0 64.0 64.0 -1 1
5248.0 2816.0 256.0 192.0 -1 1
5120.0 2944.0 128.0 64.0 -1 1
5440.0 3008.0 64.0 64.0 -1 1
4160.0 2624.0 448.0 192.0 -1 1
4544.0 2816.0 64.0 64.0 -1 1
3648.0 2560.0 512.0 128.0 -1 1
4160.0 2560.0 192.0 64.0 -1 1
3840.0 2688.0 320.0 64.0 -1 1
3648.0 2496.0 192.0 64.0 -1 1
0.0 4608.0 256.0 896.0 -1 1
0.0 3328.0 256.0 1280.0 -1 1
256.0 3328.0 64.0 64.0 -1 1
256.0 3392.0 128.0 1472.0 -1 1
384.0 3776.0 64.0 1088.0 -1 1
448.0 3968.0 64.0 896.0 -1 1
