0 7
769.0 1967.0 0 0 0 2 0 0 u ./
1058.83 1763.5 0 0 10 2 0 0 l ./
478.667 1705.67 0 0 10 2 0 0 r ./
576.0 1264.0 0 0 10 2 0 0 r ./
769.0 262.0 0 0 10 2 0 0 d ./
580.0 711.0 0 0 10 2 0 0 r ./
955.0 982.0 0 0 10 2 0 0 l ./
1 26
848.0 1832.0 18.0 336.667 99 0 0 0 d ./
680.0 1852.0 14.0 312.0 99 0 0 0 d ./
420.667 1742.0 148.667 18.0003 99 0 0 0 d ./
880.666 1806.0 230.667 18.0 99 0 0 0 d ./
1098.66 1694.0 69.3334 122.0 99 0 0 0 d ./
867.333 1667.33 276.667 48.6667 99 0 0 0 d ./
421.333 1658.0 17.3334 81.3333 99 0 0 0 d ./
428.666 1629.34 178.0 20.6667 99 0 0 0 d ./
654.0 1361.33 31.333 228.667 99 0 0 0 d ./
654.0 1361.33 31.333 228.667 99 0 0 0 d ./
862.666 1042.0 404.667 617.333 99 0 0 0 d ./
646.666 790.0 50.6663 428.0 99 0 0 0 d ./
436.667 1237.33 70.0003 182.667 99 0 0 0 d ./
1034.67 878.0 92.6667 149.333 99 0 0 0 d ./
839.333 160.0 189.333 738.0 99 0 0 0 d ./
461.333 650.666 38.0003 160.0 99 0 0 0 d ./
470.667 163.333 232.0 481.333 99 0 0 0 d ./
706.667 156.0 131.333 39.3333 99 0 0 0 d ./
586.333 1751.0 19.3337 18.0003 99 0 0 0 d ./
610.333 1771.67 19.3337 18.0003 99 0 0 0 d ./
628.333 1801.67 19.3337 18.0003 99 0 0 0 d ./
660.333 1823.0 19.3337 18.0003 99 0 0 0 d ./
525.0 1360.67 105.334 35.3337 99 0 0 0 d ./
423.667 1209.33 222.667 12.0003 99 0 0 0 d ./
510.333 788.667 126.667 31.3333 99 0 0 0 d ./
702.0 2169.0 132.0 6.0 99 0 0 0 d ./
2 1
715.5 2119.0 114.917 43.8333 1 0 0 0 d ./
