5504 5504
./resources/data/maps/world.png
Characters 1 0
4416 3840 64 64 0 3
Coast 242 1
3200 2624 64 64 -1 1 6 0
3264 2624 64 64 -1 1 7 0
3328 2624 64 64 -1 1 7 0
3392 2624 64 64 -1 1 8 0
3392 2560 64 64 -1 1 5 0
3392 2496 64 64 -1 1 5 0
3392 2432 64 64 -1 1 5 0
3392 2368 64 64 -1 1 5 0
3392 2304 64 64 -1 1 0 1
3456 2304 64 64 -1 1 7 0
3520 2304 64 64 -1 1 8 0
3520 2240 64 64 -1 1 0 1
3584 2240 64 64 -1 1 8 0
3584 2176 64 64 -1 1 5 0
3584 2112 64 64 -1 1 5 0
3584 2048 64 64 -1 1 2 0
3520 2048 64 64 -1 1 1 0
3456 2048 64 64 -1 1 1 0
3392 2048 64 64 -1 1 0 0
3392 2112 64 64 -1 1 8 1
3328 2112 64 64 -1 1 0 0
3328 2176 64 64 -1 1 8 1
3264 2176 64 64 -1 1 0 0
3264 2240 64 64 -1 1 8 1
3200 2240 64 64 -1 1 0 0
3200 2368 64 64 -1 1 3 0
3200 2304 64 64 -1 1 3 0
3200 2432 64 64 -1 1 3 0
3200 2496 64 64 -1 1 3 0
3200 2560 64 64 -1 1 3 0
5376 2752 64 64 -1 1 1 0
5440 2752 64 64 -1 1 1 0
5312 2752 64 64 -1 1 1 0
5248 2752 64 64 -1 1 6 1
5248 2688 64 64 -1 1 2 0
5184 2688 64 64 -1 1 1 0
5120 2688 64 64 -1 1 1 0
4992 2688 64 64 -1 1 1 0
5056 2688 64 64 -1 1 1 0
4928 2688 64 64 -1 1 6 1
4928 2624 64 64 -1 1 2 0
4864 2624 64 64 -1 1 1 0
4800 2624 64 64 -1 1 1 0
4736 2624 64 64 -1 1 1 0
4672 2624 64 64 -1 1 1 0
4608 2624 64 64 -1 1 6 1
4608 2560 64 64 -1 1 2 0
4544 2560 64 64 -1 1 1 0
4480 2560 64 64 -1 1 1 0
4416 2560 64 64 -1 1 1 0
4352 2560 64 64 -1 1 6 1
4352 2496 64 64 -1 1 2 0
4288 2496 64 64 -1 1 1 0
4224 2496 64 64 -1 1 1 0
4160 2496 64 64 -1 1 1 0
4032 2496 64 64 -1 1 1 0
4096 2496 64 64 -1 1 1 0
3968 2496 64 64 -1 1 1 0
3904 2496 64 64 -1 1 1 0
3840 2496 64 64 -1 1 6 1
3840 2432 64 64 -1 1 2 0
3776 2432 64 64 -1 1 1 0
3712 2432 64 64 -1 1 1 0
3648 2432 64 64 -1 1 1 0
3584 2432 64 64 -1 1 0 0
3584 2496 64 64 -1 1 3 0
3584 2560 64 64 -1 1 3 0
3584 2624 64 64 -1 1 3 0
3584 2688 64 64 -1 1 6 0
3648 2688 64 64 -1 1 7 0
3712 2688 64 64 -1 1 7 0
3776 2688 64 64 -1 1 2 1
3776 2752 64 64 -1 1 6 0
3840 2752 64 64 -1 1 7 0
3904 2752 64 64 -1 1 7 0
3968 2752 64 64 -1 1 7 0
4032 2752 64 64 -1 1 7 0
4096 2752 64 64 -1 1 2 1
4096 2816 64 64 -1 1 6 0
4160 2816 64 64 -1 1 7 0
4224 2816 64 64 -1 1 7 0
4288 2816 64 64 -1 1 7 0
4352 2816 64 64 -1 1 7 0
4416 2816 64 64 -1 1 7 0
4480 2816 64 64 -1 1 2 1
4480 2880 64 64 -1 1 6 0
4544 2880 64 64 -1 1 7 0
4608 2880 64 64 -1 1 7 0
4672 2880 64 64 -1 1 7 0
4736 2880 64 64 -1 1 7 0
4800 2880 64 64 -1 1 2 1
4800 2944 64 64 -1 1 6 0
4864 2944 64 64 -1 1 7 0
4928 2944 64 64 -1 1 7 0
4992 2944 64 64 -1 1 7 0
5056 2944 64 64 -1 1 2 1
5056 3008 64 64 -1 1 6 0
5120 3008 64 64 -1 1 7 0
5184 3008 64 64 -1 1 7 0
5248 3008 64 64 -1 1 7 0
5312 3008 64 64 -1 1 7 0
5376 3008 64 64 -1 1 2 1
5376 3072 64 64 -1 1 6 0
5440 3968 64 64 -1 1 1 2
5376 3968 64 64 -1 1 1 2
5312 3968 64 64 -1 1 0 2
5312 4032 64 64 -1 1 8 3
5248 4032 64 64 -1 1 0 2
5248 4096 64 64 -1 1 3 2
5248 4160 64 64 -1 1 8 3
5184 4160 64 64 -1 1 1 2
5120 4160 64 64 -1 1 1 2
5056 4160 64 64 -1 1 1 2
4992 4160 64 64 -1 1 0 2
4992 4224 64 64 -1 1 3 2
4992 4288 64 64 -1 1 3 2
4992 4352 64 64 -1 1 8 3
4928 4352 64 64 -1 1 1 2
4864 4352 64 64 -1 1 0 2
4864 4416 64 64 -1 1 3 2
4864 4480 64 64 -1 1 3 2
4864 4544 64 64 -1 1 3 2
4864 4608 64 64 -1 1 3 2
4864 4672 64 64 -1 1 3 2
4864 4736 64 64 -1 1 3 2
4864 4800 64 64 -1 1 3 2
4864 4864 64 64 -1 1 8 3
4800 4864 64 64 -1 1 1 2
4736 4864 64 64 -1 1 0 2
4736 4864 64 64 -1 1 0 2
4736 4928 64 64 -1 1 8 3
4672 4928 64 64 -1 1 1 2
4608 4928 64 64 -1 1 0 2
4608 4928 64 64 -1 1 0 2
4608 4992 64 64 -1 1 8 3
4544 4992 64 64 -1 1 1 2
4480 4992 64 64 -1 1 1 2
4416 4992 64 64 -1 1 1 2
4352 4992 64 64 -1 1 1 2
4288 4992 64 64 -1 1 1 2
4224 4992 64 64 -1 1 1 2
4160 4992 64 64 -1 1 1 2
4096 4992 64 64 -1 1 1 2
4032 4992 64 64 -1 1 1 2
3968 4992 64 64 -1 1 1 2
3840 4992 64 64 -1 1 1 2
3904 4992 64 64 -1 1 1 2
3712 4992 64 64 -1 1 1 2
3776 4992 64 64 -1 1 1 2
3648 4992 64 64 -1 1 1 2
3584 4992 64 64 -1 1 1 2
3520 4992 64 64 -1 1 1 2
3456 4992 64 64 -1 1 1 2
3392 4992 64 64 -1 1 1 2
3328 4992 64 64 -1 1 1 2
3200 4992 64 64 -1 1 1 2
3264 4992 64 64 -1 1 1 2
3136 4992 64 64 -1 1 1 2
3008 4992 64 64 -1 1 1 2
3072 4992 64 64 -1 1 1 2
2944 4992 64 64 -1 1 1 2
2880 4992 64 64 -1 1 1 2
2816 4992 64 64 -1 1 1 2
2752 4992 64 64 -1 1 1 2
2688 4992 64 64 -1 1 1 2
1152 4992 64 64 -1 1 1 2
1216 4992 64 64 -1 1 1 2
1216 4992 64 64 -1 1 1 2
1280 4992 64 64 -1 1 1 2
1344 4992 64 64 -1 1 1 2
1408 4992 64 64 -1 1 1 2
1408 4992 64 64 -1 1 1 2
1472 4992 64 64 -1 1 1 2
1536 4992 64 64 -1 1 1 2
1600 4992 64 64 -1 1 1 2
1728 4992 64 64 -1 1 1 2
1664 4992 64 64 -1 1 1 2
1792 4992 64 64 -1 1 1 2
1856 4992 64 64 -1 1 1 2
1920 4992 64 64 -1 1 1 2
1984 4992 64 64 -1 1 1 2
2112 4992 64 64 -1 1 1 2
2176 4992 64 64 -1 1 1 2
2048 4992 64 64 -1 1 1 2
2304 4992 64 64 -1 1 1 2
2240 4992 64 64 -1 1 1 2
2368 4992 64 64 -1 1 1 2
2432 4992 64 64 -1 1 1 2
2560 4992 64 64 -1 1 1 2
2560 4992 64 64 -1 1 1 2
2624 4992 64 64 -1 1 1 2
2496 4992 64 64 -1 1 1 2
1088 4992 64 64 -1 1 6 3
1088 4928 64 64 -1 1 2 2
1024 4928 64 64 -1 1 1 2
960 4928 64 64 -1 1 1 2
896 4928 64 64 -1 1 1 2
832 4928 64 64 -1 1 1 2
768 4928 64 64 -1 1 1 2
704 4928 64 64 -1 1 1 2
640 4928 64 64 -1 1 6 3
640 4864 64 64 -1 1 2 2
576 4864 64 64 -1 1 6 3
576 4800 64 64 -1 1 2 2
512 4800 64 64 -1 1 6 3
512 4736 64 64 -1 1 5 2
512 4672 64 64 -1 1 5 2
512 4608 64 64 -1 1 5 2
512 4544 64 64 -1 1 5 2
512 4480 64 64 -1 1 5 2
512 4352 64 64 -1 1 5 2
512 4288 64 64 -1 1 5 2
512 4416 64 64 -1 1 5 2
512 4224 64 64 -1 1 5 2
512 4096 64 64 -1 1 5 2
512 4032 64 64 -1 1 5 2
512 4160 64 64 -1 1 5 2
512 3968 64 64 -1 1 5 2
512 3904 64 64 -1 1 0 2
512 3904 64 64 -1 1 2 2
448 3904 64 64 -1 1 6 3
448 3840 64 64 -1 1 5 2
448 3776 64 64 -1 1 5 2
448 3712 64 64 -1 1 2 2
384 3712 64 64 -1 1 6 3
384 3648 64 64 -1 1 5 2
384 3584 64 64 -1 1 5 2
384 3520 64 64 -1 1 5 2
384 3456 64 64 -1 1 5 2
384 3392 64 64 -1 1 5 2
384 3328 64 64 -1 1 2 2
320 3328 64 64 -1 1 6 3
320 3264 64 64 -1 1 2 2
256 3264 64 64 -1 1 1 2
192 3264 64 64 -1 1 6 3
192 3200 64 64 -1 1 2 2
128 3200 64 64 -1 1 1 2
64 3200 64 64 -1 1 6 3
64 3136 64 64 -1 1 2 2
0 3136 64 64 -1 1 6 3
0 3072 64 64 -1 1 2 2
5440 3072 64 64 -1 1 7 0
Monsters 308 2
4096 4032 64 64 -1 3
4032 4032 64 64 -1 3
3968 4032 64 64 -1 3
3968 4096 64 64 -1 3
4032 4096 64 64 -1 3
4096 4096 64 64 -1 3
2624 3456 64 64 -1 3
2688 3456 64 64 -1 3
2624 3392 64 64 -1 3
2560 3392 64 64 -1 3
2560 3456 64 64 -1 3
2688 3520 64 64 -1 3
2624 3520 64 64 -1 3
2752 3520 64 64 -1 3
2752 3584 64 64 -1 3
2816 3584 64 64 -1 3
2816 3648 64 64 -1 3
2880 3712 64 64 -1 3
2880 3648 64 64 -1 3
2496 3392 64 64 -1 3
2496 3328 64 64 -1 3
2432 3328 64 64 -1 3
2432 3392 64 64 -1 3
2496 3456 64 64 -1 3
2368 3328 64 64 -1 3
2368 3264 64 64 -1 3
2944 2880 64 64 -1 3
3008 2752 64 64 -1 3
3008 2688 64 64 -1 3
2944 2688 64 64 -1 3
2880 2816 64 64 -1 3
2880 2752 64 64 -1 3
2944 2752 64 64 -1 3
3008 2880 64 64 -1 3
3008 2816 64 64 -1 3
2944 2816 64 64 -1 3
2880 2880 64 64 -1 3
2816 2752 64 64 -1 3
3584 2752 64 64 -1 3
3648 2752 64 64 -1 3
3712 2752 64 64 -1 3
3584 2816 64 64 -1 3
3648 2816 64 64 -1 3
3712 2816 64 64 -1 3
3584 2880 64 64 -1 3
3648 2880 64 64 -1 3
3712 2880 64 64 -1 3
3776 2816 64 64 -1 3
3840 2816 64 64 -1 3
3904 2816 64 64 -1 3
3776 2880 64 64 -1 3
3840 2880 64 64 -1 3
3904 2880 64 64 -1 3
3776 2944 64 64 -1 3
3840 2944 64 64 -1 3
3904 2944 64 64 -1 3
3968 2880 64 64 -1 3
4032 2880 64 64 -1 3
4096 2880 64 64 -1 3
3968 2944 64 64 -1 3
4032 2944 64 64 -1 3
4096 2944 64 64 -1 3
3968 3008 64 64 -1 3
4032 3008 64 64 -1 3
4096 3008 64 64 -1 3
3968 2816 64 64 -1 3
4032 2816 64 64 -1 3
3456 3328 64 64 -1 3
3520 3328 64 64 -1 3
3584 3328 64 64 -1 3
3456 3392 64 64 -1 3
3520 3392 64 64 -1 3
3584 3392 64 64 -1 3
3456 3456 64 64 -1 3
3520 3456 64 64 -1 3
3584 3456 64 64 -1 3
3456 3136 64 64 -1 3
3520 3136 64 64 -1 3
3584 3136 64 64 -1 3
3456 3200 64 64 -1 3
3520 3200 64 64 -1 3
3584 3200 64 64 -1 3
3456 3264 64 64 -1 3
3520 3264 64 64 -1 3
3584 3264 64 64 -1 3
3648 3328 64 64 -1 3
3648 3392 64 64 -1 3
3648 3456 64 64 -1 3
3648 3136 64 64 -1 3
3712 3136 64 64 -1 3
3776 3136 64 64 -1 3
3648 3200 64 64 -1 3
3712 3200 64 64 -1 3
3776 3200 64 64 -1 3
3648 3264 64 64 -1 3
3712 3264 64 64 -1 3
3776 3264 64 64 -1 3
4288 4032 64 64 -1 3
4224 4032 64 64 -1 3
4160 4032 64 64 -1 3
4160 4096 64 64 -1 3
4224 4096 64 64 -1 3
4288 4096 64 64 -1 3
4480 4032 64 64 -1 3
4416 4032 64 64 -1 3
4352 4032 64 64 -1 3
4352 4096 64 64 -1 3
4416 4096 64 64 -1 3
4480 4096 64 64 -1 3
4288 3968 64 64 -1 3
4480 3968 64 64 -1 3
4416 3968 64 64 -1 3
4352 3968 64 64 -1 3
2304 832 64 64 -1 3
2368 768 64 64 -1 3
2432 768 64 64 -1 3
2432 832 64 64 -1 3
2368 832 64 64 -1 3
2304 768 64 64 -1 3
3456 1280 64 64 -1 3
3520 1280 64 64 -1 3
3584 1280 64 64 -1 3
3456 1344 64 64 -1 3
3520 1344 64 64 -1 3
3584 1344 64 64 -1 3
3456 1408 64 64 -1 3
3520 1408 64 64 -1 3
3584 1408 64 64 -1 3
3392 1344 64 64 -1 3
3392 1408 64 64 -1 3
3392 1472 64 64 -1 3
3328 1408 64 64 -1 3
3328 1472 64 64 -1 3
3328 1536 64 64 -1 3
3456 1472 64 64 -1 3
3520 1472 64 64 -1 3
3456 1536 64 64 -1 3
3520 1536 64 64 -1 3
3456 1600 64 64 -1 3
3520 1600 64 64 -1 3
3392 1536 64 64 -1 3
3328 1600 64 64 -1 3
3392 1600 64 64 -1 3
3328 1728 64 64 -1 3
3456 1728 64 64 -1 3
3520 1728 64 64 -1 3
3456 1792 64 64 -1 3
3520 1792 64 64 -1 3
3392 1728 64 64 -1 3
3328 1792 64 64 -1 3
3392 1792 64 64 -1 3
3392 1856 64 64 -1 3
3456 1856 64 64 -1 3
3264 1856 64 64 -1 3
3328 1856 64 64 -1 3
640 2112 64 64 -1 3
704 2112 64 64 -1 3
768 2112 64 64 -1 3
640 2176 64 64 -1 3
704 2176 64 64 -1 3
768 2176 64 64 -1 3
640 2240 64 64 -1 3
704 2240 64 64 -1 3
768 2240 64 64 -1 3
832 2176 64 64 -1 3
896 2176 64 64 -1 3
960 2176 64 64 -1 3
832 2240 64 64 -1 3
896 2240 64 64 -1 3
960 2240 64 64 -1 3
960 2048 64 64 -1 3
1024 2048 64 64 -1 3
1088 2048 64 64 -1 3
960 2112 64 64 -1 3
1024 2112 64 64 -1 3
1088 2112 64 64 -1 3
3968 2176 64 64 -1 3
4032 2176 64 64 -1 3
3648 2048 64 64 -1 3
4096 2176 64 64 -1 3
4160 2176 64 64 -1 3
4224 2176 64 64 -1 3
4096 2240 64 64 -1 3
4160 2240 64 64 -1 3
4224 2240 64 64 -1 3
4096 2304 64 64 -1 3
4160 2304 64 64 -1 3
4224 2304 64 64 -1 3
4096 2368 64 64 -1 3
4160 2368 64 64 -1 3
4224 2368 64 64 -1 3
4288 2240 64 64 -1 3
4352 2240 64 64 -1 3
4416 2240 64 64 -1 3
4288 2304 64 64 -1 3
4352 2304 64 64 -1 3
4416 2304 64 64 -1 3
4288 2368 64 64 -1 3
4352 2368 64 64 -1 3
4416 2368 64 64 -1 3
4480 2240 64 64 -1 3
3968 2240 64 64 -1 3
4032 2240 64 64 -1 3
4480 2304 64 64 -1 3
3968 2304 64 64 -1 3
4032 2304 64 64 -1 3
4480 2368 64 64 -1 3
3968 2368 64 64 -1 3
4032 2368 64 64 -1 3
4288 2176 64 64 -1 3
2688 896 64 64 -1 3
2752 896 64 64 -1 3
2624 896 64 64 -1 3
2688 960 64 64 -1 3
2752 960 64 64 -1 3
2624 960 64 64 -1 3
3904 2240 64 64 -1 3
3776 2048 64 64 -1 3
3840 2048 64 64 -1 3
3776 2112 64 64 -1 3
3840 2112 64 64 -1 3
3712 2048 64 64 -1 3
3712 2112 64 64 -1 3
3648 2112 64 64 -1 3
2944 2240 64 64 -1 3
3072 2240 64 64 -1 3
3136 2240 64 64 -1 3
3072 2304 64 64 -1 3
3136 2304 64 64 -1 3
3008 2240 64 64 -1 3
3008 2304 64 64 -1 3
2944 2304 64 64 -1 3
3072 2368 64 64 -1 3
3136 2368 64 64 -1 3
3008 2368 64 64 -1 3
2944 2368 64 64 -1 3
3008 3264 64 64 -1 3
3072 3328 64 64 -1 3
3072 3200 64 64 -1 3
3136 3264 64 64 -1 3
3072 3264 64 64 -1 3
3136 3328 64 64 -1 3
3136 3392 64 64 -1 3
3200 3456 64 64 -1 3
3200 3328 64 64 -1 3
3264 3392 64 64 -1 3
3200 3392 64 64 -1 3
3264 3456 64 64 -1 3
3648 1536 64 64 -1 3
3776 1536 64 64 -1 3
3840 1536 64 64 -1 3
3776 1600 64 64 -1 3
3840 1600 64 64 -1 3
3712 1536 64 64 -1 3
3712 1600 64 64 -1 3
3648 1600 64 64 -1 3
3712 1472 64 64 -1 3
3776 1472 64 64 -1 3
3712 1408 64 64 -1 3
3776 1408 64 64 -1 3
4480 1792 64 64 -1 3
4544 1792 64 64 -1 3
4480 1856 64 64 -1 3
4544 1856 64 64 -1 3
4480 1920 64 64 -1 3
4544 1920 64 64 -1 3
4480 1728 64 64 -1 3
4544 1728 64 64 -1 3
4608 1792 64 64 -1 3
4608 1728 64 64 -1 3
2688 1024 64 64 -1 3
2752 1024 64 64 -1 3
2624 1024 64 64 -1 3
2688 1088 64 64 -1 3
2752 1088 64 64 -1 3
2624 1088 64 64 -1 3
2496 960 64 64 -1 3
2560 960 64 64 -1 3
2432 960 64 64 -1 3
2496 1024 64 64 -1 3
2560 1024 64 64 -1 3
2432 1024 64 64 -1 3
2496 1088 64 64 -1 3
2560 1088 64 64 -1 3
2432 1088 64 64 -1 3
2496 1152 64 64 -1 3
2560 1152 64 64 -1 3
2432 1152 64 64 -1 3
2624 1152 64 64 -1 3
2688 1152 64 64 -1 3
2368 960 64 64 -1 3
2368 1024 64 64 -1 3
2368 1088 64 64 -1 3
2368 1152 64 64 -1 3
2304 960 64 64 -1 3
2304 1024 64 64 -1 3
2304 1088 64 64 -1 3
2304 1152 64 64 -1 3
3712 4288 64 64 -1 3
3776 4288 64 64 -1 3
3840 4288 64 64 -1 3
3904 4288 64 64 -1 3
3968 4288 64 64 -1 3
3968 4352 64 64 -1 3
3904 4352 64 64 -1 3
3840 4352 64 64 -1 3
3776 4352 64 64 -1 3
3712 4352 64 64 -1 3
Sprites 262 3
4352 3456 320 320 2 3 ./resources/graphics/objects/house_small_alt.png
3455 3591 128 192 1 3 ./resources/graphics/objects/green_tree.png
3264 3520 128 192 1 3 ./resources/graphics/objects/green_tree.png
3264 3200 128 192 1 3 ./resources/graphics/objects/green_tree_bushy.png
4424 4626 128 192 1 3 ./resources/graphics/objects/palm.png
4199 4512 64 128 1 3 ./resources/graphics/objects/palm_small.png
4574 4448 64 128 1 3 ./resources/graphics/objects/palm_small.png
4495 4353 128 192 1 3 ./resources/graphics/objects/palm.png
4096 3008 384 384 3 3 ./resources/graphics/objects/hospital.png
3776 3456 320 320 0 3 ./resources/graphics/objects/house_small.png
3520 3520 128 192 1 3 ./resources/graphics/objects/green_tree_bushy.png
3956 3018 128 192 1 3 ./resources/graphics/objects/green_tree_bushy.png
3904 3136 128 192 1 3 ./resources/graphics/objects/green_tree_bushy.png
3328 3136 128 192 1 3 ./resources/graphics/objects/green_tree_bushy.png
1152 3456 448 448 6 3 ./resources/graphics/objects/arean_fire.png
4096 960 448 448 4 3 ./resources/graphics/objects/arena_plant.png
512 448 448 448 5 3 ./resources/graphics/objects/arena_water.png
1504 3870 64 104 1 3 ./resources/graphics/objects/ruin_pillar_broke.png
1190 3783 64 192 1 3 ./resources/graphics/objects/ruin_pillar.png
1920 1984 448 448 1 3 ./resources/graphics/objects/house_large.png
1600 1792 384 384 3 3 ./resources/graphics/objects/hospital.png
1969 1763 128 192 1 3 ./resources/graphics/objects/ice_tree.png
2385 1771 128 192 1 3 ./resources/graphics/objects/ice_tree.png
2304 448 128 192 1 3 ./resources/graphics/objects/ice_tree.png
2688 1216 128 192 1 3 ./resources/graphics/objects/ice_tree.png
1741 922 128 192 1 3 ./resources/graphics/objects/ice_tree.png
1677 2567 128 192 1 3 ./resources/graphics/objects/teal_tree_bushy.png
2391 2500 64 128 1 3 ./resources/graphics/objects/teal_tree_small.png
2489 2445 64 128 1 3 ./resources/graphics/objects/teal_tree_small.png
2704 1921 64 128 1 3 ./resources/graphics/objects/teal_tree_small.png
641 2539 128 192 1 3 ./resources/graphics/objects/teal_tree_bushy.png
1152 2240 128 192 1 3 ./resources/graphics/objects/teal_tree_bushy.png
896 384 128 192 1 3 ./resources/graphics/objects/teal_tree_bushy.png
1931 1832 128 192 1 3 ./resources/graphics/objects/ice_tree.png
1216 1216 128 192 1 3 ./resources/graphics/objects/ice_tree.png
2335 1872 128 192 1 3 ./resources/graphics/objects/ice_tree.png
1568 2268 128 192 1 3 ./resources/graphics/objects/ice_tree.png
1448 2760 128 192 1 3 ./resources/graphics/objects/ice_tree.png
1152 1664 128 192 1 3 ./resources/graphics/objects/ice_tree.png
1240 1580 128 192 1 3 ./resources/graphics/objects/ice_tree.png
1240 1092 128 192 1 3 ./resources/graphics/objects/ice_tree.png
1303 1147 128 192 1 3 ./resources/graphics/objects/ice_tree.png
1746 2635 128 192 1 3 ./resources/graphics/objects/teal_tree.png
949 1787 128 192 1 3 ./resources/graphics/objects/teal_tree.png
837 1581 128 192 1 3 ./resources/graphics/objects/teal_tree.png
2649 1999 128 192 1 3 ./resources/graphics/objects/teal_tree.png
1930 2625 64 128 1 3 ./resources/graphics/objects/teal_tree_small.png
2318 2625 64 128 1 3 ./resources/graphics/objects/teal_tree_small.png
2566 2364 64 128 1 3 ./resources/graphics/objects/teal_tree_small.png
2630 2125 64 128 1 3 ./resources/graphics/objects/teal_tree_small.png
2666 1498 64 128 1 3 ./resources/graphics/objects/teal_tree_small.png
2698 1520 128 192 1 3 ./resources/graphics/objects/teal_tree.png
2764 1151 128 192 1 3 ./resources/graphics/objects/teal_tree.png
2112 384 128 192 1 3 ./resources/graphics/objects/teal_tree_bushy.png
1789 2505 128 192 1 3 ./resources/graphics/objects/teal_tree_bushy.png
2137 2508 128 192 1 3 ./resources/graphics/objects/teal_tree_bushy.png
1124 2550 128 192 1 3 ./resources/graphics/objects/teal_tree_bushy.png
1182 2318 128 192 1 3 ./resources/graphics/objects/teal_tree_bushy.png
4140 1281 128 192 1 3 ./resources/graphics/objects/green_tree_bushy.png
4115 1288 64 128 1 3 ./resources/graphics/objects/green_tree_small.png
4396 1266 128 192 1 3 ./resources/graphics/objects/green_tree.png
4474 1230 128 192 1 3 ./resources/graphics/objects/green_tree_bushy.png
3961 1043 128 192 1 3 ./resources/graphics/objects/green_tree_bushy.png
4039 1018 64 128 1 3 ./resources/graphics/objects/green_tree_small.png
4459 886 64 128 1 3 ./resources/graphics/objects/green_tree_small.png
3974 836 64 128 1 3 ./resources/graphics/objects/green_tree_small.png
4284 722 64 128 1 3 ./resources/graphics/objects/green_tree_small.png
4661 1017 64 128 1 3 ./resources/graphics/objects/green_tree_small.png
4730 1286 64 128 1 3 ./resources/graphics/objects/green_tree_small.png
4605 1323 64 128 1 3 ./resources/graphics/objects/green_tree_small.png
4597 761 64 128 1 3 ./resources/graphics/objects/green_tree_small.png
3947 693 64 128 1 3 ./resources/graphics/objects/green_tree_small.png
3735 1181 64 128 1 3 ./resources/graphics/objects/green_tree_small.png
4445 2068 64 128 1 3 ./resources/graphics/objects/green_tree_small.png
4003 1607 64 128 1 3 ./resources/graphics/objects/green_tree_small.png
3930 1338 64 128 1 3 ./resources/graphics/objects/green_tree_small.png
4639 1324 128 192 1 3 ./resources/graphics/objects/green_tree_bushy.png
4701 1061 128 192 1 3 ./resources/graphics/objects/green_tree_bushy.png
4015 1444 128 192 1 3 ./resources/graphics/objects/green_tree_bushy.png
4078 1369 128 192 1 3 ./resources/graphics/objects/green_tree_bushy.png
4229 1667 128 192 1 3 ./resources/graphics/objects/green_tree_bushy.png
4014 813 128 192 1 3 ./resources/graphics/objects/green_tree_bushy.png
4256 738 128 192 1 3 ./resources/graphics/objects/green_tree_bushy.png
3723 1195 128 192 1 3 ./resources/graphics/objects/green_tree_bushy.png
4606 1057 128 192 1 3 ./resources/graphics/objects/green_tree.png
4437 656 128 192 1 3 ./resources/graphics/objects/green_tree.png
3930 855 128 192 1 3 ./resources/graphics/objects/green_tree.png
3998 1298 128 192 1 3 ./resources/graphics/objects/green_tree.png
4509 1351 128 192 1 3 ./resources/graphics/objects/green_tree.png
1286 2832 128 192 1 3 ./resources/graphics/objects/green_tree_bushy.png
892 2898 128 192 1 3 ./resources/graphics/objects/green_tree_bushy.png
1144 2826 128 192 1 3 ./resources/graphics/objects/green_tree_bushy.png
4292 4464 64 128 1 3 ./resources/graphics/objects/gate_pillar.png
4448 4464 64 128 1 3 ./resources/graphics/objects/gate_pillar.png
4288 4400 232 80 2 5 ./resources/graphics/objects/gate_top.png
1267 3940 64 128 1 3 ./resources/graphics/objects/gate_pillar.png
1422 3941 64 128 1 3 ./resources/graphics/objects/gate_pillar.png
1262 3878 232 80 2 4 ./resources/graphics/objects/gate_top.png
3079 2632 128 192 1 3 ./resources/graphics/objects/green_tree_bushy.png
2928 2484 128 192 1 3 ./resources/graphics/objects/green_tree_bushy.png
2737 2733 128 192 1 3 ./resources/graphics/objects/green_tree_bushy.png
3011 2425 64 128 1 3 ./resources/graphics/objects/green_tree_small.png
1483 3355 128 192 1 3 ./resources/graphics/objects/palm.png
1036 4023 128 192 1 3 ./resources/graphics/objects/palm.png
1724 3908 128 192 1 3 ./resources/graphics/objects/palm.png
1673 4591 128 192 1 3 ./resources/graphics/objects/palm.png
597 4211 128 192 1 3 ./resources/graphics/objects/palm.png
673 4355 64 104 1 3 ./resources/graphics/objects/ruin_pillar_broke.png
3072 2880 128 192 1 3 ./resources/graphics/objects/green_tree_bushy.png
2624 2880 128 192 1 3 ./resources/graphics/objects/green_tree_bushy.png
2688 2944 128 192 1 3 ./resources/graphics/objects/green_tree.png
448 384 128 192 1 3 ./resources/graphics/objects/teal_tree_bushy.png
960 448 128 192 1 3 ./resources/graphics/objects/teal_tree_bushy.png
1024 512 128 192 1 3 ./resources/graphics/objects/ice_tree.png
832 832 128 192 1 3 ./resources/graphics/objects/ice_tree.png
576 768 128 192 1 3 ./resources/graphics/objects/ice_tree.png
448 704 128 192 1 3 ./resources/graphics/objects/ice_tree.png
1280 896 128 192 1 3 ./resources/graphics/objects/ice_tree.png
320 1216 128 192 1 3 ./resources/graphics/objects/ice_tree.png
256 1344 64 128 1 3 ./resources/graphics/objects/teal_tree_small.png
416 1303 128 192 1 3 ./resources/graphics/objects/teal_tree.png
1024 1152 128 192 1 3 ./resources/graphics/objects/teal_tree_bushy.png
128 1088 128 192 1 3 ./resources/graphics/objects/teal_tree_bushy.png
4352 2048 128 192 1 3 ./resources/graphics/objects/green_tree_bushy.png
3532 1070 64 128 1 3 ./resources/graphics/objects/green_tree_small.png
3366 1211 64 128 1 3 ./resources/graphics/objects/green_tree_small.png
3173 1577 64 128 1 3 ./resources/graphics/objects/green_tree_small.png
3420 1071 128 192 1 3 ./resources/graphics/objects/green_tree_bushy.png
3599 1777 128 192 1 3 ./resources/graphics/objects/green_tree_bushy.png
3111 1871 128 192 1 3 ./resources/graphics/objects/green_tree_bushy.png
3200 1664 128 192 1 3 ./resources/graphics/objects/green_tree_bushy.png
3008 1408 128 192 1 3 ./resources/graphics/objects/green_tree_bushy.png
4593 3664 128 192 1 3 ./resources/graphics/objects/green_tree.png
4437 3035 128 192 1 3 ./resources/graphics/objects/green_tree.png
4038 3650 128 192 1 3 ./resources/graphics/objects/green_tree_bushy.png
4060 3255 128 192 1 3 ./resources/graphics/objects/green_tree_bushy.png
4367 3313 128 192 1 3 ./resources/graphics/objects/green_tree_bushy.png
4443 3244 128 192 1 3 ./resources/graphics/objects/green_tree_bushy.png
3840 3264 128 192 1 3 ./resources/graphics/objects/green_tree_bushy.png
320 1344 128 192 1 3 ./resources/graphics/objects/teal_tree.png
448 2560 128 192 1 3 ./resources/graphics/objects/teal_tree_bushy.png
384 2496 128 192 1 3 ./resources/graphics/objects/teal_tree_bushy.png
1920 448 128 192 1 3 ./resources/graphics/objects/teal_tree_bushy.png
1728 512 128 192 1 3 ./resources/graphics/objects/ice_tree.png
2176 448 128 192 1 3 ./resources/graphics/objects/ice_tree.png
1856 512 64 128 1 3 ./resources/graphics/objects/teal_tree_small.png
2624 640 128 192 1 3 ./resources/graphics/objects/ice_tree.png
1984 384 128 192 1 3 ./resources/graphics/objects/ice_tree.png
2048 320 128 192 1 3 ./resources/graphics/objects/teal_tree_bushy.png
2560 576 128 192 1 3 ./resources/graphics/objects/teal_tree_bushy.png
2176 576 64 128 1 3 ./resources/graphics/objects/teal_tree_small.png
1984 576 64 128 1 3 ./resources/graphics/objects/teal_tree_small.png
1920 448 64 128 1 3 ./resources/graphics/objects/teal_tree_small.png
2496 4736 128 192 1 3 ./resources/graphics/objects/palm.png
2481 3996 128 192 1 3 ./resources/graphics/objects/palm.png
2688 4032 64 128 1 3 ./resources/graphics/objects/palm_small.png
1734 4039 64 128 1 3 ./resources/graphics/objects/palm_small.png
1134 3786 64 128 1 3 ./resources/graphics/objects/palm_small.png
1190 3950 64 128 1 3 ./resources/graphics/objects/palm_small.png
1498 4098 128 192 1 3 ./resources/graphics/objects/palm.png
1549 3721 128 192 1 3 ./resources/graphics/objects/palm.png
1117 3451 64 192 1 3 ./resources/graphics/objects/ruin_pillar.png
900 3725 128 192 1 3 ./resources/graphics/objects/palm.png
1032 4088 60 60 1 3 ./resources/graphics/objects/sandrock1.png
1118 3890 56 60 1 3 ./resources/graphics/objects/sandrock2.png
1822 4124 56 60 1 3 ./resources/graphics/objects/sandrock2.png
1186 4201 56 60 1 3 ./resources/graphics/objects/sandrock2.png
1660 4201 56 60 1 3 ./resources/graphics/objects/sandrock2.png
1119 4181 60 60 1 3 ./resources/graphics/objects/sandrock1.png
1848 4098 60 60 1 3 ./resources/graphics/objects/sandrock1.png
1001 4048 60 60 1 3 ./resources/graphics/objects/sandrock1.png
936 3901 64 104 1 3 ./resources/graphics/objects/ruin_pillar_broke.png
1650 3650 64 192 1 3 ./resources/graphics/objects/ruin_pillar.png
904 3874 56 60 1 3 ./resources/graphics/objects/sandrock2.png
862 3746 56 60 1 3 ./resources/graphics/objects/sandrock2.png
774 3682 60 60 1 3 ./resources/graphics/objects/sandrock1.png
848 4232 60 60 1 3 ./resources/graphics/objects/sandrock1.png
1728 4150 56 60 1 3 ./resources/graphics/objects/sandrock2.png
1272 4163 64 128 1 3 ./resources/graphics/objects/gate_pillar.png
1419 4163 64 128 1 3 ./resources/graphics/objects/gate_pillar.png
1262 4099 232 80 2 4 ./resources/graphics/objects/gate_top.png
2222 3991 56 60 1 3 ./resources/graphics/objects/sandrock2.png
1874 3436 56 60 1 3 ./resources/graphics/objects/sandrock2.png
2544 3918 56 60 1 3 ./resources/graphics/objects/sandrock2.png
2093 4616 60 60 1 3 ./resources/graphics/objects/sandrock1.png
1078 4422 60 60 1 3 ./resources/graphics/objects/sandrock1.png
4211 4503 60 60 1 3 ./resources/graphics/objects/sandrock1.png
4479 4561 60 60 1 3 ./resources/graphics/objects/sandrock1.png
4264 4441 56 60 1 3 ./resources/graphics/objects/sandrock2.png
4265 4555 56 60 1 3 ./resources/graphics/objects/sandrock2.png
3081 3038 60 60 1 3 ./resources/graphics/objects/grassrock1.png
3139 2813 60 60 1 3 ./resources/graphics/objects/grassrock1.png
3733 3034 60 60 1 3 ./resources/graphics/objects/grassrock1.png
3361 2960 56 60 1 3 ./resources/graphics/objects/grassrock2.png
2771 2581 60 60 1 3 ./resources/graphics/objects/grassrock1.png
2963 3175 56 60 1 3 ./resources/graphics/objects/grassrock2.png
2813 2615 56 60 1 3 ./resources/graphics/objects/grassrock2.png
4692 2975 128 192 1 3 ./resources/graphics/objects/green_tree.png
4780 3081 128 192 1 3 ./resources/graphics/objects/green_tree_bushy.png
4867 3624 128 192 1 3 ./resources/graphics/objects/green_tree_bushy.png
5372 3549 128 192 1 3 ./resources/graphics/objects/green_tree_bushy.png
4764 3256 64 128 1 3 ./resources/graphics/objects/green_tree_small.png
4839 3572 64 128 1 3 ./resources/graphics/objects/green_tree_small.png
4869 3550 56 60 1 3 ./resources/graphics/objects/grassrock2.png
4917 3049 56 60 1 3 ./resources/graphics/objects/grassrock2.png
4881 3886 56 60 1 3 ./resources/graphics/objects/grassrock2.png
4748 3852 128 192 1 3 ./resources/graphics/objects/palm.png
4839 4027 56 60 1 3 ./resources/graphics/objects/sandrock2.png
4810 4009 56 60 1 3 ./resources/graphics/objects/sandrock2.png
4919 4235 56 60 1 3 ./resources/graphics/objects/sandrock2.png
4821 4088 60 60 1 3 ./resources/graphics/objects/sandrock1.png
4787 4054 60 60 1 3 ./resources/graphics/objects/sandrock1.png
4744 3837 64 128 1 3 ./resources/graphics/objects/palm_small.png
4934 4185 60 60 1 3 ./resources/graphics/objects/sandrock1.png
1780 2744 128 192 1 3 ./resources/graphics/objects/teal_tree.png
1761 3336 64 128 1 3 ./resources/graphics/objects/palm_small.png
832 1984 128 192 1 3 ./resources/graphics/objects/teal_tree.png
533 2157 128 192 1 3 ./resources/graphics/objects/teal_tree_bushy.png
466 2079 128 192 1 3 ./resources/graphics/objects/teal_tree.png
905 1197 56 60 1 3 ./resources/graphics/objects/icerock2.png
644 1937 56 60 1 3 ./resources/graphics/objects/icerock2.png
613 1897 60 60 1 3 ./resources/graphics/objects/icerock1.png
762 2602 60 60 1 3 ./resources/graphics/objects/icerock1.png
1101 2459 56 60 1 3 ./resources/graphics/objects/icerock2.png
4373 1465 128 192 1 3 ./resources/graphics/objects/green_tree_bushy.png
4903 1889 128 192 1 3 ./resources/graphics/objects/green_tree_bushy.png
4868 2171 128 192 1 3 ./resources/graphics/objects/green_tree_bushy.png
4987 1671 128 192 1 3 ./resources/graphics/objects/green_tree_bushy.png
4987 1023 128 192 1 3 ./resources/graphics/objects/green_tree_bushy.png
4951 1305 128 192 1 3 ./resources/graphics/objects/green_tree_bushy.png
5070 805 128 192 1 3 ./resources/graphics/objects/green_tree_bushy.png
4852 413 128 192 1 3 ./resources/graphics/objects/green_tree_bushy.png
4817 695 128 192 1 3 ./resources/graphics/objects/green_tree_bushy.png
4935 195 128 192 1 3 ./resources/graphics/objects/green_tree_bushy.png
5013 1424 64 128 1 3 ./resources/graphics/objects/green_tree_small.png
5052 1195 64 128 1 3 ./resources/graphics/objects/green_tree_small.png
4885 853 64 128 1 3 ./resources/graphics/objects/green_tree_small.png
5097 1295 64 128 1 3 ./resources/graphics/objects/green_tree_small.png
4956 1399 64 128 1 3 ./resources/graphics/objects/green_tree_small.png
5104 1979 64 128 1 3 ./resources/graphics/objects/green_tree_small.png
5276 1575 64 128 1 3 ./resources/graphics/objects/green_tree_small.png
5037 1540 64 128 1 3 ./resources/graphics/objects/green_tree_small.png
5224 1449 64 128 1 3 ./resources/graphics/objects/green_tree_small.png
4948 1112 64 128 1 3 ./resources/graphics/objects/green_tree_small.png
4552 387 64 128 1 3 ./resources/graphics/objects/green_tree_small.png
4061 256 64 128 1 3 ./resources/graphics/objects/green_tree_small.png
3719 220 64 128 1 3 ./resources/graphics/objects/green_tree_small.png
4241 268 64 128 1 3 ./resources/graphics/objects/green_tree_small.png
4920 540 64 128 1 3 ./resources/graphics/objects/green_tree_small.png
5043 1741 128 192 1 3 ./resources/graphics/objects/green_tree.png
4932 1421 128 192 1 3 ./resources/graphics/objects/green_tree.png
4931 2221 128 192 1 3 ./resources/graphics/objects/green_tree.png
4817 3263 128 192 1 3 ./resources/graphics/objects/green_tree.png
4929 3521 128 192 1 3 ./resources/graphics/objects/green_tree.png
4279 1730 128 192 1 3 ./resources/graphics/objects/green_tree_bushy.png
4614 2118 128 192 1 3 ./resources/graphics/objects/green_tree.png
4739 1455 64 128 1 3 ./resources/graphics/objects/green_tree_small.png
4702 1501 64 128 1 3 ./resources/graphics/objects/green_tree_small.png
4735 1716 64 128 1 3 ./resources/graphics/objects/green_tree_small.png
4669 1894 64 128 1 3 ./resources/graphics/objects/green_tree_small.png
4623 1961 64 128 1 3 ./resources/graphics/objects/green_tree_small.png
4678 1978 128 192 1 3 ./resources/graphics/objects/green_tree_bushy.png
Collision 646 5
1026 3440 53 656 -1 -1
1047 3409 26 24 -1 -1
933 3394 20 418 -1 -1
809 3203 14 478 -1 -1
764 3694 34 6 -1 -1
744 3716 15 92 -1 -1
680 3844 18 456 -1 -1
702 3823 34 6 -1 -1
703 4303 20 16 -1 -1
728 4324 14 14 -1 -1
746 4354 14 64 -1 -1
766 4429 15 13 -1 -1
790 4448 10 10 -1 -1
809 4464 16 84 -1 -1
826 4558 79 14 -1 -1
916 4574 21 15 -1 -1
942 4598 10 28 -1 -1
956 4618 74 18 -1 -1
1046 4636 12 13 -1 -1
1066 4659 12 10 -1 -1
1075 4682 8 12 -1 -1
1091 4685 200 14 -1 -1
1305 4702 11 14 -1 -1
1324 4721 10 12 -1 -1
1330 4741 87 20 -1 -1
1422 4730 8 11 -1 -1
1433 4709 16 11 -1 -1
1461 4684 66 14 -1 -1
1604 4683 450 18 -1 -1
2060 4666 7 19 -1 -1
2076 4642 14 10 -1 -1
2097 4622 10 10 -1 -1
2126 4606 11 12 -1 -1
2137 4582 20 6 -1 -1
2166 4555 18 12 -1 -1
2188 4474 11 87 -1 -1
2200 4449 19 11 -1 -1
2226 4428 28 18 -1 -1
2246 4230 16 192 -1 -1
2256 4196 6 28 -1 -1
2270 4189 18 11 -1 -1
2293 4174 27 7 -1 -1
2316 4034 8 134 -1 -1
2248 3844 12 151 -1 -1
2265 4006 12 8 -1 -1
2284 4016 27 8 -1 -1
2214 3818 18 11 -1 -1
2187 3774 11 33 -1 -1
2151 3756 24 10 -1 -1
2122 3528 10 200 -1 -1
2132 3736 4 10 -1 -1
2082 3497 20 10 -1 -1
2110 3508 10 7 -1 -1
2060 3459 9 26 -1 -1
1894 3436 157 12 -1 -1
1878 3426 10 8 -1 -1
1870 3395 7 22 -1 -1
1829 3373 26 9 -1 -1
1806 3334 10 30 -1 -1
1764 3308 26 9 -1 -1
1743 3271 10 26 -1 -1
1734 3198 16 67 -1 -1
839 3179 883 9 -1 -1
961 3374 770 8 -1 -1
1079 3390 619 13 -1 -1
1676 3415 44 156 -1 -1
1743 3608 31 401 -1 -1
1680 3997 35 195 -1 -1
1414 4172 261 39 -1 -1
1174 4171 153 37 -1 -1
1168 4121 32 38 -1 -1
1109 4107 31 34 -1 -1
1107 4051 28 40 -1 -1
873 3843 15 380 -1 -1
888 3825 40 4 -1 -1
904 4247 19 22 -1 -1
931 4269 13 14 -1 -1
937 4293 15 60 -1 -1
952 4365 11 10 -1 -1
971 4375 15 13 -1 -1
996 4395 11 14 -1 -1
1015 4430 781 15 -1 -1
1797 4168 17 183 -1 -1
1800 4411 10 16 -1 -1
1813 4138 5 21 -1 -1
1825 4125 15 9 -1 -1
1847 4107 29 10 -1 -1
1861 3658 17 441 -1 -1
1799 3525 14 73 -1 -1
1814 3613 7 12 -1 -1
1832 3627 21 9 -1 -1
1765 3499 19 9 -1 -1
1788 3509 12 9 -1 -1
1736 3391 13 82 -1 -1
1748 3485 9 11 -1 -1
5317 3785 164 50 -1 -1
5454 3840 46 39 -1 -1
5102 3792 71 32 -1 -1
4942 3014 24 54 -1 -1
4973 3070 167 10 -1 -1
5126 3086 42 45 -1 -1
5141 3133 360 8 -1 -1
2105 1229 400 16 -1 -1
2508 1245 21 20 -1 -1
2537 1276 9 24 -1 -1
2563 1299 13 19 -1 -1
2584 1325 24 440 -1 -1
2429 1768 151 12 -1 -1
2337 1792 67 47 -1 -1
2411 1788 9 25 -1 -1
2320 1793 17 25 -1 -1
2149 1769 167 12 -1 -1
2133 1737 15 23 -1 -1
2096 1711 32 9 -1 -1
2065 1669 40 29 -1 -1
2028 1645 35 12 -1 -1
1995 1544 32 76 -1 -1
2012 1631 8 8 -1 -1
2004 1511 17 24 -1 -1
2031 1487 32 8 -1 -1
2056 1276 15 207 -1 -1
2077 1247 15 11 -1 -1
376 651 12 11 -1 -1
397 664 19 21 -1 -1
421 691 16 207 -1 -1
437 916 37 31 -1 -1
492 984 47 25 -1 -1
549 1021 19 27 -1 -1
576 1056 41 32 -1 -1
613 1096 13 211 -1 -1
439 1309 164 20 -1 -1
332 1208 25 25 -1 -1
353 1247 53 33 -1 -1
416 1296 19 29 -1 -1
203 1168 128 39 -1 -1
136 1076 37 24 -1 -1
159 1111 43 29 -1 -1
97 1033 32 41 -1 -1
16 991 52 16 -1 -1
72 1012 20 27 -1 -1
9 1390 52 11 -1 -1
70 1404 12 13 -1 -1
84 1430 11 15 -1 -1
99 1453 89 11 -1 -1
199 1467 11 17 -1 -1
213 1498 11 16 -1 -1
233 1515 86 15 -1 -1
332 1533 9 33 -1 -1
348 1573 11 14 -1 -1
374 1587 23 7 -1 -1
396 1600 11 477 -1 -1
417 2089 22 10 -1 -1
452 2105 19 196 -1 -1
461 2430 11 19 -1 -1
435 2448 23 9 -1 -1
401 2467 29 13 -1 -1
393 2491 14 21 -1 -1
246 2507 149 15 -1 -1
215 2465 11 10 -1 -1
229 2480 13 12 -1 -1
179 2447 25 15 -1 -1
168 2361 16 82 -1 -1
149 2337 22 19 -1 -1
53 2313 90 21 -1 -1
10 2262 17 11 -1 -1
31 2279 14 19 -1 -1
2952 2953 165 44 -1 -1
3087 2906 21 25 -1 -1
3136 2893 93 37 -1 -1
3219 2781 29 126 -1 -1
3151 2644 39 99 -1 -1
3199 2757 23 15 -1 -1
3083 2521 42 99 -1 -1
2893 2663 37 83 -1 -1
2911 2633 23 17 -1 -1
2956 2586 36 32 -1 -1
2986 2527 9 56 -1 -1
3019 2501 74 14 -1 -1
2818 2752 61 7 -1 -1
2699 2846 42 98 -1 -1
2722 2825 27 10 -1 -1
2771 2789 36 23 -1 -1
2709 2953 162 46 -1 -1
4673 1674 58 17 -1 -1
4740 1668 13 14 -1 -1
4754 1650 8 14 -1 -1
4760 1632 24 14 -1 -1
4783 1614 30 14 -1 -1
4810 1534 12 74 -1 -1
4649 1602 12 53 -1 -1
4662 1664 7 20 -1 -1
4666 1588 32 4 -1 -1
4698 1578 12 6 -1 -1
4713 1566 16 8 -1 -1
4737 1550 9 6 -1 -1
4754 1538 12 4 -1 -1
4777 1528 36 4 -1 -1
3215 2313 48 327 -1 -1
0 0 2 5504 -1 -1
0 0 5494 2 -1 -1
359 451 19 191 -1 -1
372 421 39 13 -1 -1
405 370 29 43 -1 -1
418 331 257 41 -1 -1
651 364 31 34 -1 -1
663 401 76 19 -1 -1
683 421 241 11 -1 -1
904 360 44 53 -1 -1
938 325 88 51 -1 -1
1040 361 35 39 -1 -1
1054 400 77 31 -1 -1
1094 424 24 99 -1 -1
1123 534 31 21 -1 -1
1162 565 11 159 -1 -1
1097 779 15 135 -1 -1
1111 743 14 9 -1 -1
1134 723 23 12 -1 -1
1069 919 21 9 -1 -1
1047 933 18 8 -1 -1
1034 955 12 87 -1 -1
820 1037 212 14 -1 -1
790 1055 22 17 -1 -1
778 1087 10 83 -1 -1
791 1187 17 12 -1 -1
814 1193 221 14 -1 -1
1036 1163 33 24 -1 -1
1065 1116 45 24 -1 -1
1112 1069 21 59 -1 -1
1124 1055 47 22 -1 -1
1166 1011 31 50 -1 -1
1191 976 54 33 -1 -1
1245 935 21 51 -1 -1
1275 926 160 17 -1 -1
1438 890 17 40 -1 -1
1463 871 31 13 -1 -1
1505 826 15 41 -1 -1
1525 806 160 15 -1 -1
1699 646 15 158 -1 -1
1719 617 36 14 -1 -1
1768 2 11 614 -1 -1
1933 1 44 57 -1 -1
1998 80 39 107 -1 -1
2065 207 35 45 -1 -1
2117 273 47 214 -1 -1
2252 395 42 47 -1 -1
2184 381 78 9 -1 -1
2314 463 35 41 -1 -1
2377 519 36 43 -1 -1
2441 581 39 55 -1 -1
2510 651 40 285 -1 -1
2248 905 265 41 -1 -1
1935 909 231 48 -1 -1
1931 965 38 102 -1 -1
1869 1044 41 141 -1 -1
1801 1175 39 148 -1 -1
1745 1293 36 93 -1 -1
1677 1369 36 145 -1 -1
1613 1497 30 82 -1 -1
1549 1561 38 79 -1 -1
1487 1624 33 149 -1 -1
1419 1752 41 141 -1 -1
2887 1432 41 657 -1 -1
2953 1236 37 208 -1 -1
3021 1103 33 156 -1 -1
2953 975 39 104 -1 -1
2887 845 44 104 -1 -1
2764 719 31 43 -1 -1
2831 789 33 39 -1 -1
2701 651 32 49 -1 -1
2572 523 35 95 -1 -1
2640 637 67 9 -1 -1
2513 463 33 39 -1 -1
2445 399 29 44 -1 -1
2381 336 39 45 -1 -1
2316 213 41 104 -1 -1
2181 17 44 87 -1 -1
2252 144 44 48 -1 -1
-1 3102 45 46 -1 -1
60 3164 45 46 -1 -1
132 3218 99 46 -1 -1
286 3304 83 34 -1 -1
392 3370 38 336 -1 -1
1357 1877 39 210 -1 -1
1295 2065 39 431 -1 -1
1235 2511 89 38 -1 -1
1222 2559 43 44 -1 -1
1045 2576 163 31 -1 -1
1034 2617 30 55 -1 -1
859 2639 164 35 -1 -1
11 2578 870 42 -1 -1
7 2700 423 47 -1 -1
399 2761 40 29 -1 -1
447 2768 1132 37 -1 -1
1556 2823 29 27 -1 -1
1596 2835 375 25 -1 -1
1941 2887 33 39 -1 -1
1976 2891 121 40 -1 -1
2185 2891 280 36 -1 -1
2447 2833 36 40 -1 -1
2509 2780 35 85 -1 -1
2572 2652 35 139 -1 -1
2637 2515 33 147 -1 -1
2699 2387 36 149 -1 -1
2764 2272 33 129 -1 -1
2828 2068 36 205 -1 -1
454 3723 45 176 -1 -1
518 3922 45 872 -1 -1
581 4850 45 46 -1 -1
630 4889 37 36 -1 -1
716 4947 394 37 -1 -1
1160 5002 3443 46 -1 -1
4630 4967 36 80 -1 -1
4786 4887 75 24 -1 -1
4688 4942 45 46 -1 -1
4876 4432 45 489 -1 -1
4928 4366 60 46 -1 -1
5006 4237 45 130 -1 -1
5070 4169 172 46 -1 -1
5258 4108 45 107 -1 -1
5388 3977 102 46 -1 -1
5324 4044 45 46 -1 -1
5502 0 2 5504 -1 -1
4600 2044 81 81 -1 -1
4660 1917 75 85 -1 -1
4725 1787 76 83 -1 -1
4717 1881 41 31 -1 -1
4735 1925 17 63 -1 -1
4276 1813 80 187 -1 -1
4209 1792 61 80 -1 -1
4368 1844 63 93 -1 -1
4360 1948 19 24 -1 -1
4661 2241 91 212 -1 -1
4596 2233 56 84 -1 -1
4623 2328 32 15 -1 -1
4545 2509 179 12 -1 -1
4525 2489 8 20 -1 -1
4496 2463 23 17 -1 -1
3959 2440 529 19 -1 -1
3947 2364 11 60 -1 -1
3880 2240 12 61 -1 -1
3905 2321 20 11 -1 -1
3940 2341 7 11 -1 -1
3905 2219 31 19 -1 -1
3944 2061 13 147 -1 -1
4007 1924 13 88 -1 -1
3960 2031 33 7 -1 -1
4007 1795 13 53 -1 -1
3972 1748 23 15 -1 -1
3945 1532 15 207 -1 -1
3880 1427 16 59 -1 -1
3909 1496 19 13 -1 -1
3937 1519 9 5 -1 -1
4742 3406 42 415 -1 -1
4621 3088 39 214 -1 -1
4685 3285 37 136 -1 -1
4726 3009 219 6 -1 -1
4666 3063 17 14 -1 -1
4824 3854 273 37 -1 -1
4692 3027 32 29 -1 -1
4807 3793 35 40 -1 -1
3145 2956 229 14 -1 -1
3400 2973 23 13 -1 -1
3439 3004 11 21 -1 -1
3461 3020 48 14 -1 -1
3594 3023 186 10 -1 -1
3798 3040 18 12 -1 -1
3830 3082 253 14 -1 -1
5017 4195 36 26 -1 -1
5277 4075 36 26 -1 -1
5343 4005 36 26 -1 -1
4750 4924 39 25 -1 -1
1123 4978 16 34 -1 -1
649 4929 45 46 -1 -1
543 4817 37 36 -1 -1
3599 2511 31 182 -1 -1
3623 2704 149 32 -1 -1
3799 2744 28 25 -1 -1
3823 2777 287 20 -1 -1
4119 2804 34 42 -1 -1
4168 2844 316 14 -1 -1
4509 2864 39 49 -1 -1
4571 2904 253 21 -1 -1
4821 2954 27 31 -1 -1
3656 2451 164 41 -1 -1
3625 2477 26 13 -1 -1
3829 2487 46 58 -1 -1
3894 2520 477 33 -1 -1
4374 2556 19 54 -1 -1
4416 2583 184 31 -1 -1
4620 2610 32 42 -1 -1
4662 2640 260 32 -1 -1
4942 2664 24 54 -1 -1
4979 2701 15 28 -1 -1
4994 2703 246 26 -1 -1
5256 2722 19 38 -1 -1
5286 2760 19 29 -1 -1
5322 2769 180 12 -1 -1
222 3276 45 46 -1 -1
3250 2642 149 24 -1 -1
3406 2350 30 308 -1 -1
3428 2316 113 31 -1 -1
3532 2260 26 71 -1 -1
3547 2233 74 42 -1 -1
3604 2117 25 106 -1 -1
3444 2070 150 38 -1 -1
3410 2114 37 22 -1 -1
3371 2146 49 18 -1 -1
3345 2175 33 34 -1 -1
3300 2213 29 11 -1 -1
3234 2274 31 20 -1 -1
3275 2253 34 8 -1 -1
3815 3536 248 208 -1 -1
4394 3538 248 208 -1 -1
4137 3144 297 215 -1 -1
1223 3575 314 278 -1 -1
1277 4018 41 35 -1 -1
1430 4016 41 35 -1 -1
1430 4238 41 35 -1 -1
1286 4242 41 35 -1 -1
1662 3794 41 35 -1 -1
1126 3592 41 35 -1 -1
4304 4542 41 35 -1 -1
4456 4540 41 35 -1 -1
1997 2174 311 227 -1 -1
1650 1919 288 224 -1 -1
587 579 310 278 -1 -1
4176 1088 301 279 -1 -1
4278 4578 33 29 -1 -1
4222 4612 22 24 -1 -1
4226 4520 33 29 -1 -1
4272 4462 33 29 -1 -1
4479 4782 20 22 -1 -1
4493 4582 33 29 -1 -1
4594 4550 22 18 -1 -1
4546 4508 23 24 -1 -1
4929 4258 33 29 -1 -1
4950 4206 33 29 -1 -1
4836 4108 33 29 -1 -1
4816 4030 33 29 -1 -1
4810 4066 33 29 -1 -1
4862 4042 33 29 -1 -1
4804 4007 18 23 -1 -1
4893 3910 33 29 -1 -1
4768 3934 19 21 -1 -1
5420 3692 33 29 -1 -1
4912 3764 33 29 -1 -1
4976 3666 33 29 -1 -1
4857 3662 22 24 -1 -1
4885 3579 33 29 -1 -1
4865 3403 33 29 -1 -1
4784 3344 22 24 -1 -1
4826 3218 33 29 -1 -1
4738 3116 33 29 -1 -1
4924 3074 33 29 -1 -1
4640 3806 33 29 -1 -1
4414 3460 33 29 -1 -1
4488 3388 33 29 -1 -1
4484 3176 33 29 -1 -1
4107 3398 33 29 -1 -1
4084 3790 33 29 -1 -1
3567 3662 33 29 -1 -1
3511 3726 33 29 -1 -1
3312 3661 33 29 -1 -1
3888 3403 33 29 -1 -1
3948 3274 33 29 -1 -1
4002 3154 33 29 -1 -1
3748 3056 33 29 -1 -1
3378 3276 33 29 -1 -1
3314 3338 33 29 -1 -1
2972 3195 33 29 -1 -1
3096 3056 33 29 -1 -1
3120 3020 33 29 -1 -1
3152 2832 33 29 -1 -1
3126 2776 33 29 -1 -1
3370 2978 33 29 -1 -1
2733 3088 33 29 -1 -1
2669 3022 33 29 -1 -1
2781 2871 33 29 -1 -1
2825 2635 33 29 -1 -1
2974 2627 33 29 -1 -1
2784 2600 33 29 -1 -1
2514 2539 18 18 -1 -1
2588 2462 20 18 -1 -1
2338 2720 20 16 -1 -1
2183 2651 34 31 -1 -1
1952 2718 20 16 -1 -1
2648 2222 20 16 -1 -1
2696 2149 35 22 -1 -1
2733 2019 20 16 -1 -1
2747 1672 30 21 -1 -1
2685 1595 20 16 -1 -1
2739 1363 25 24 -1 -1
2814 1301 32 26 -1 -1
2669 786 31 32 -1 -1
2606 723 30 25 -1 -1
2552 4896 20 16 -1 -1
2710 4138 20 16 -1 -1
2535 4157 20 16 -1 -1
2555 3939 28 26 -1 -1
2233 4013 30 30 -1 -1
2112 4641 28 25 -1 -1
1727 4750 20 16 -1 -1
1094 4441 28 27 -1 -1
862 4254 30 31 -1 -1
652 4370 20 16 -1 -1
1197 4227 28 27 -1 -1
1131 4203 36 30 -1 -1
1090 4182 20 16 -1 -1
1555 4258 20 16 -1 -1
1672 4230 31 26 -1 -1
1740 4178 34 25 -1 -1
1838 4150 34 25 -1 -1
1866 4125 30 26 -1 -1
1778 4066 20 16 -1 -1
944 3951 49 45 -1 -1
916 3902 29 22 -1 -1
955 3884 20 16 -1 -1
1132 3912 34 34 -1 -1
1158 3892 20 16 -1 -1
1212 4055 20 16 -1 -1
1512 3918 50 51 -1 -1
1198 3921 45 47 -1 -1
1539 3512 20 16 -1 -1
1784 3443 20 16 -1 -1
1883 3463 32 26 -1 -1
874 3772 34 27 -1 -1
790 3706 30 26 -1 -1
1011 3029 28 21 -1 -1
1139 2966 29 23 -1 -1
1202 2900 27 20 -1 -1
500 2710 26 22 -1 -1
435 2643 28 27 -1 -1
776 2628 30 20 -1 -1
1392 2705 33 24 -1 -1
1335 2637 21 30 -1 -1
1115 2488 28 17 -1 -1
1145 2453 23 18 -1 -1
1204 2390 24 17 -1 -1
1622 2419 18 21 -1 -1
1724 2708 27 24 -1 -1
584 2305 23 17 -1 -1
519 2225 27 24 -1 -1
659 1959 24 17 -1 -1
628 1917 33 19 -1 -1
883 2133 21 17 -1 -1
995 1940 32 16 -1 -1
1207 1816 16 19 -1 -1
1288 1735 20 20 -1 -1
888 1733 28 19 -1 -1
1075 1291 24 24 -1 -1
916 1223 29 17 -1 -1
1355 1297 21 24 -1 -1
1268 1367 24 16 -1 -1
1297 1247 19 21 -1 -1
465 1444 31 24 -1 -1
380 1491 24 20 -1 -1
361 1344 36 33 -1 -1
880 976 27 24 -1 -1
625 915 23 21 -1 -1
493 852 33 19 -1 -1
1072 664 24 19 -1 -1
1008 595 28 23 -1 -1
949 539 29 19 -1 -1
493 527 27 27 -1 -1
1340 1039 21 35 -1 -1
1793 1073 28 19 -1 -1
1776 651 27 33 -1 -1
1879 604 16 17 -1 -1
2005 675 17 12 -1 -1
1969 595 24 19 -1 -1
2045 540 21 16 -1 -1
2096 487 25 19 -1 -1
2167 539 20 20 -1 -1
2196 659 13 20 -1 -1
2229 604 28 11 -1 -1
2357 599 19 28 -1 -1
1986 1976 21 25 -1 -1
2027 1907 24 19 -1 -1
2381 2025 28 17 -1 -1
2436 1918 17 23 -1 -1
1836 2656 22 15 -1 -1
1795 2781 19 19 -1 -1
277 1434 22 22 -1 -1
171 1237 27 11 -1 -1
4984 2364 21 23 -1 -1
4918 2313 26 29 -1 -1
4730 2111 16 30 -1 -1
4956 2032 28 23 -1 -1
5128 2071 15 10 -1 -1
5097 1888 19 15 -1 -1
5035 1817 29 18 -1 -1
5298 1667 18 16 -1 -1
5061 1634 17 16 -1 -1
4987 1580 23 12 -1 -1
4723 1603 13 10 -1 -1
4764 1549 14 11 -1 -1
5245 1545 17 11 -1 -1
5075 1285 14 16 -1 -1
5128 1391 13 13 -1 -1
4971 1205 15 11 -1 -1
5043 1170 19 31 -1 -1
5118 951 20 20 -1 -1
4903 952 18 8 -1 -1
4867 836 24 25 -1 -1
4622 856 12 8 -1 -1
4491 812 25 14 -1 -1
4482 987 14 10 -1 -1
4666 1210 12 15 -1 -1
4744 1212 32 15 -1 -1
4691 1125 12 18 -1 -1
4524 1382 22 19 -1 -1
4562 1508 17 13 -1 -1
4689 1473 25 15 -1 -1
4756 1388 17 15 -1 -1
4621 1426 25 8 -1 -1
4449 1423 22 11 -1 -1
4428 1618 22 19 -1 -1
4033 1700 9 14 -1 -1
4064 1595 29 17 -1 -1
4130 1523 30 18 -1 -1
4046 1464 26 13 -1 -1
4192 1433 21 21 -1 -1
4137 1402 25 23 -1 -1
3646 1910 32 26 -1 -1
3166 2024 30 14 -1 -1
3244 1820 36 20 -1 -1
3198 1674 14 12 -1 -1
3770 1336 32 28 -1 -1
3386 1310 14 6 -1 -1
3472 1212 26 28 -1 -1
3552 1172 26 16 -1 -1
3058 1556 32 22 -1 -1
4012 1192 19 17 -1 -1
3981 1008 25 16 -1 -1
4062 951 23 33 -1 -1
3973 787 11 11 -1 -1
4303 886 21 17 -1 -1
4943 637 13 15 -1 -1
4903 565 21 16 -1 -1
4577 477 19 15 -1 -1
4992 334 18 38 -1 -1
4268 360 28 16 -1 -1
4086 354 24 14 -1 -1
3742 318 10 6 -1 -1
4192 3132 0 4 -1 -1
3984 2892 0 0 -1 -1
Transition 6 4
1344 3812 64 92 2 5
704 804 64 84 4 5
4288 1316 63 84 3 5
1728 2084 127 82 5 5
4224 3300 127 84 5 5
4417 3692 60 75 6 5
Water 19 6
0 3200 576 640 -1 -1
0 3840 576 640 -1 -1
0 4480 576 640 -1 -1
0 4864 576 640 -1 -1
576 4864 576 640 -1 -1
1152 4864 576 640 -1 -1
1728 4864 576 640 -1 -1
2304 4864 576 640 -1 -1
2880 4864 576 640 -1 -1
3456 4864 576 640 -1 -1
4032 4864 576 640 -1 -1
4928 4864 576 640 -1 -1
4596 4808 576 640 -1 -1
4928 4224 576 640 -1 -1
4928 3584 576 640 -1 -1
4928 2496 576 640 -1 -1
4352 2432 576 640 -1 -1
3776 2432 576 640 -1 -1
3200 2112 576 640 -1 -1
